Layer ID,Batch Number,Token,Activated Expert IDs
1,0,<｜begin▁of▁sentence｜>,"[8, 26, 56, 57, 60, 11]"
1,0,I,"[8, 22, 38, 46, 56, 26]"
1,0,Ġrun,"[8, 11, 18, 32, 54, 56]"
1,0,Ġa,"[6, 7, 8, 21, 26, 38]"
1,0,Ġplumbing,"[6, 8, 31, 33, 59, 17]"
1,0,Ġbusiness,"[2, 7, 34, 50, 59, 19]"
1,0,",","[4, 8, 43, 51, 56, 41]"
1,0,ĠI,"[5, 8, 26, 46, 62, 15]"
1,0,',"[8, 25, 55, 60, 62, 56]"
1,0,d,"[11, 23, 38, 53, 63, 26]"
1,0,Ġlike,"[8, 23, 42, 48, 55, 41]"
1,0,Ġto,"[8, 24, 35, 52, 53, 49]"
1,0,Ġincrease,"[8, 14, 32, 37, 54, 10]"
1,0,Ġrevenue,"[1, 7, 10, 19, 59, 41]"
1,0,.,"[4, 8, 43, 51, 57, 11]"
1,0,ĠHow,"[0, 5, 43, 46, 63, 8]"
1,0,Ġmuch,"[0, 8, 26, 42, 43, 48]"
1,0,Ġshould,"[29, 34, 42, 43, 63, 5]"
1,0,ĠI,"[8, 26, 29, 46, 62, 34]"
1,0,Ġbe,"[0, 8, 11, 38, 56, 26]"
1,0,Ġcontributing,"[10, 14, 54, 58, 63, 23]"
1,0,Ġtowards,"[9, 27, 42, 43, 48, 49]"
1,0,Ġmy,"[21, 22, 46, 55, 62, 8]"
1,0,Ġmarketing,"[1, 7, 10, 41, 59, 14]"
1,0,Ġbudget,"[2, 7, 10, 18, 39, 19]"
1,0,?,"[4, 25, 43, 57, 60, 62]"
2,0,<｜begin▁of▁sentence｜>,"[3, 35, 38, 62, 63, 60]"
2,0,I,"[21, 35, 42, 58, 63, 7]"
2,0,Ġrun,"[7, 32, 38, 39, 51, 12]"
2,0,Ġa,"[17, 31, 52, 55, 62, 37]"
2,0,Ġplumbing,"[18, 27, 43, 45, 60, 26]"
2,0,Ġbusiness,"[2, 20, 36, 45, 54, 55]"
2,0,",","[0, 8, 15, 46, 47, 28]"
2,0,ĠI,"[7, 20, 44, 59, 61, 60]"
2,0,',"[0, 8, 19, 48, 62, 38]"
2,0,d,"[7, 21, 33, 51, 61, 38]"
2,0,Ġlike,"[12, 18, 32, 33, 56, 44]"
2,0,Ġto,"[1, 3, 34, 53, 57, 18]"
2,0,Ġincrease,"[32, 39, 51, 53, 57, 24]"
2,0,Ġrevenue,"[3, 26, 27, 45, 58, 55]"
2,0,.,"[0, 8, 46, 47, 62, 54]"
2,0,ĠHow,"[7, 16, 42, 59, 61, 4]"
2,0,Ġmuch,"[16, 18, 24, 49, 61, 52]"
2,0,Ġshould,"[5, 18, 24, 49, 56, 25]"
2,0,ĠI,"[7, 16, 20, 24, 51, 41]"
2,0,Ġbe,"[12, 24, 33, 39, 56, 49]"
2,0,Ġcontributing,"[9, 24, 32, 39, 56, 5]"
2,0,Ġtowards,"[9, 19, 24, 34, 53, 57]"
2,0,Ġmy,"[3, 20, 22, 33, 52, 55]"
2,0,Ġmarketing,"[26, 27, 33, 36, 45, 60]"
2,0,Ġbudget,"[25, 36, 45, 54, 55, 30]"
2,0,?,"[0, 8, 19, 46, 47, 10]"
3,0,<｜begin▁of▁sentence｜>,"[4, 9, 11, 25, 54, 12]"
3,0,I,"[0, 7, 14, 42, 48, 3]"
3,0,Ġrun,"[4, 6, 30, 50, 61, 58]"
3,0,Ġa,"[6, 12, 33, 37, 46, 50]"
3,0,Ġplumbing,"[0, 20, 21, 24, 43, 3]"
3,0,Ġbusiness,"[0, 20, 21, 32, 35, 43]"
3,0,",","[1, 13, 16, 22, 55, 5]"
3,0,ĠI,"[3, 16, 29, 44, 60, 7]"
3,0,',"[5, 15, 45, 48, 55, 60]"
3,0,d,"[2, 14, 15, 30, 52, 42]"
3,0,Ġlike,"[4, 52, 56, 58, 59, 13]"
3,0,Ġto,"[4, 31, 41, 52, 56, 23]"
3,0,Ġincrease,"[26, 39, 52, 58, 61, 25]"
3,0,Ġrevenue,"[0, 20, 21, 35, 43, 46]"
3,0,.,"[5, 22, 45, 55, 60, 9]"
3,0,ĠHow,"[4, 7, 54, 58, 60, 44]"
3,0,Ġmuch,"[2, 4, 26, 56, 58, 54]"
3,0,Ġshould,"[2, 4, 26, 30, 52, 53]"
3,0,ĠI,"[2, 4, 29, 34, 52, 54]"
3,0,Ġbe,"[2, 30, 52, 53, 63, 26]"
3,0,Ġcontributing,"[2, 26, 59, 61, 63, 35]"
3,0,Ġtowards,"[25, 26, 47, 52, 59, 35]"
3,0,Ġmy,"[12, 29, 47, 54, 56, 46]"
3,0,Ġmarketing,"[0, 20, 21, 28, 61, 49]"
3,0,Ġbudget,"[20, 32, 36, 43, 59, 46]"
3,0,?,"[5, 22, 45, 55, 60, 9]"
4,0,<｜begin▁of▁sentence｜>,"[11, 21, 31, 33, 49, 14]"
4,0,I,"[10, 29, 34, 38, 59, 60]"
4,0,Ġrun,"[8, 29, 31, 38, 50, 43]"
4,0,Ġa,"[20, 29, 31, 47, 61, 50]"
4,0,Ġplumbing,"[1, 15, 32, 36, 62, 48]"
4,0,Ġbusiness,"[0, 1, 15, 28, 62, 6]"
4,0,",","[16, 22, 29, 39, 52, 34]"
4,0,ĠI,"[16, 29, 30, 38, 39, 52]"
4,0,',"[3, 18, 22, 29, 34, 60]"
4,0,d,"[8, 9, 29, 38, 44, 30]"
4,0,Ġlike,"[8, 9, 29, 38, 53, 44]"
4,0,Ġto,"[8, 9, 23, 29, 41, 53]"
4,0,Ġincrease,"[9, 23, 29, 31, 43, 50]"
4,0,Ġrevenue,"[7, 25, 31, 40, 53, 62]"
4,0,.,"[3, 22, 29, 39, 52, 34]"
4,0,ĠHow,"[9, 29, 30, 34, 38, 59]"
4,0,Ġmuch,"[7, 9, 29, 30, 54, 25]"
4,0,Ġshould,"[7, 8, 9, 29, 51, 23]"
4,0,ĠI,"[4, 9, 29, 44, 51, 7]"
4,0,Ġbe,"[7, 8, 9, 21, 27, 44]"
4,0,Ġcontributing,"[7, 12, 31, 43, 53, 20]"
4,0,Ġtowards,"[17, 20, 23, 31, 61, 7]"
4,0,Ġmy,"[4, 29, 46, 51, 61, 11]"
4,0,Ġmarketing,"[7, 40, 43, 50, 62, 31]"
4,0,Ġbudget,"[7, 40, 53, 55, 62, 28]"
4,0,?,"[22, 29, 34, 39, 52, 3]"
5,0,<｜begin▁of▁sentence｜>,"[19, 20, 47, 49, 52, 54]"
5,0,I,"[18, 35, 38, 41, 55, 15]"
5,0,Ġrun,"[22, 38, 45, 49, 51, 35]"
5,0,Ġa,"[22, 32, 45, 49, 60, 36]"
5,0,Ġplumbing,"[2, 7, 13, 44, 49, 34]"
5,0,Ġbusiness,"[2, 13, 30, 46, 49, 34]"
5,0,",","[12, 27, 43, 53, 56, 18]"
5,0,ĠI,"[16, 21, 24, 27, 49, 17]"
5,0,',"[12, 15, 18, 39, 50, 55]"
5,0,d,"[21, 24, 31, 49, 51, 45]"
5,0,Ġlike,"[3, 24, 45, 49, 51, 21]"
5,0,Ġto,"[19, 36, 45, 49, 51, 31]"
5,0,Ġincrease,"[3, 22, 23, 48, 51, 49]"
5,0,Ġrevenue,"[30, 37, 46, 49, 59, 4]"
5,0,.,"[12, 17, 27, 43, 53, 18]"
5,0,ĠHow,"[21, 31, 42, 49, 50, 18]"
5,0,Ġmuch,"[14, 31, 35, 49, 59, 4]"
5,0,Ġshould,"[14, 45, 51, 57, 59, 62]"
5,0,ĠI,"[14, 16, 31, 51, 57, 42]"
5,0,Ġbe,"[14, 45, 51, 59, 62, 57]"
5,0,Ġcontributing,"[3, 7, 14, 22, 45, 37]"
5,0,Ġtowards,"[14, 23, 57, 58, 60, 48]"
5,0,Ġmy,"[9, 16, 32, 47, 48, 58]"
5,0,Ġmarketing,"[7, 13, 30, 34, 46, 2]"
5,0,Ġbudget,"[2, 4, 30, 46, 59, 57]"
5,0,?,"[12, 14, 27, 42, 43, 53]"
6,0,<｜begin▁of▁sentence｜>,"[13, 21, 22, 42, 47, 32]"
6,0,I,"[37, 39, 41, 46, 56, 1]"
6,0,Ġrun,"[7, 14, 19, 44, 61, 29]"
6,0,Ġa,"[7, 8, 44, 58, 61, 36]"
6,0,Ġplumbing,"[3, 27, 29, 30, 38, 47]"
6,0,Ġbusiness,"[3, 29, 47, 53, 63, 17]"
6,0,",","[12, 16, 50, 54, 56, 37]"
6,0,ĠI,"[12, 21, 40, 54, 56, 18]"
6,0,',"[16, 37, 39, 50, 56, 11]"
6,0,d,"[0, 26, 40, 52, 54, 56]"
6,0,Ġlike,"[14, 19, 24, 52, 54, 0]"
6,0,Ġto,"[0, 10, 24, 39, 52, 13]"
6,0,Ġincrease,"[7, 14, 25, 30, 52, 53]"
6,0,Ġrevenue,"[2, 3, 14, 29, 30, 53]"
6,0,.,"[12, 16, 18, 54, 56, 50]"
6,0,ĠHow,"[5, 19, 37, 39, 56, 24]"
6,0,Ġmuch,"[5, 8, 19, 25, 52, 14]"
6,0,Ġshould,"[0, 9, 25, 40, 52, 30]"
6,0,ĠI,"[0, 13, 21, 40, 52, 25]"
6,0,Ġbe,"[0, 25, 26, 45, 52, 9]"
6,0,Ġcontributing,"[7, 14, 25, 30, 53, 62]"
6,0,Ġtowards,"[7, 10, 30, 44, 49, 62]"
6,0,Ġmy,"[1, 4, 10, 21, 36, 15]"
6,0,Ġmarketing,"[3, 14, 29, 30, 53, 2]"
6,0,Ġbudget,"[2, 14, 30, 53, 63, 29]"
6,0,?,"[12, 16, 18, 50, 56, 37]"
7,0,<｜begin▁of▁sentence｜>,"[28, 43, 44, 58, 62, 18]"
7,0,I,"[6, 16, 41, 46, 50, 18]"
7,0,Ġrun,"[1, 15, 20, 47, 53, 0]"
7,0,Ġa,"[0, 1, 10, 15, 20, 47]"
7,0,Ġplumbing,"[23, 27, 31, 39, 53, 2]"
7,0,Ġbusiness,"[1, 7, 23, 27, 53, 35]"
7,0,",","[8, 26, 38, 41, 42, 19]"
7,0,ĠI,"[20, 26, 38, 41, 55, 19]"
7,0,',"[8, 16, 26, 38, 41, 42]"
7,0,d,"[20, 25, 30, 33, 38, 45]"
7,0,Ġlike,"[4, 20, 33, 45, 48, 41]"
7,0,Ġto,"[4, 20, 33, 45, 48, 1]"
7,0,Ġincrease,"[0, 1, 15, 45, 48, 2]"
7,0,Ġrevenue,"[1, 35, 53, 59, 63, 2]"
7,0,.,"[8, 26, 38, 41, 42, 21]"
7,0,ĠHow,"[20, 33, 36, 38, 41, 26]"
7,0,Ġmuch,"[33, 36, 40, 45, 63, 56]"
7,0,Ġshould,"[33, 36, 45, 51, 63, 30]"
7,0,ĠI,"[1, 20, 33, 45, 48, 62]"
7,0,Ġbe,"[20, 30, 33, 45, 63, 40]"
7,0,Ġcontributing,"[0, 2, 35, 45, 63, 49]"
7,0,Ġtowards,"[2, 45, 48, 52, 63, 0]"
7,0,Ġmy,"[2, 20, 33, 48, 63, 52]"
7,0,Ġmarketing,"[1, 39, 47, 49, 63, 37]"
7,0,Ġbudget,"[1, 7, 35, 49, 63, 47]"
7,0,?,"[8, 26, 38, 41, 42, 21]"
8,0,<｜begin▁of▁sentence｜>,"[2, 11, 30, 39, 54, 47]"
8,0,I,"[8, 13, 33, 52, 63, 40]"
8,0,Ġrun,"[15, 24, 29, 33, 62, 51]"
8,0,Ġa,"[14, 15, 17, 33, 62, 29]"
8,0,Ġplumbing,"[14, 15, 24, 51, 56, 58]"
8,0,Ġbusiness,"[9, 14, 15, 24, 58, 57]"
8,0,",","[3, 10, 20, 33, 45, 46]"
8,0,ĠI,"[12, 33, 42, 45, 62, 46]"
8,0,',"[6, 33, 45, 46, 55, 63]"
8,0,d,"[17, 21, 33, 46, 62, 52]"
8,0,Ġlike,"[2, 17, 33, 46, 62, 21]"
8,0,Ġto,"[2, 17, 21, 33, 62, 35]"
8,0,Ġincrease,"[2, 17, 29, 35, 37, 19]"
8,0,Ġrevenue,"[2, 9, 37, 57, 61, 5]"
8,0,.,"[6, 10, 17, 20, 45, 33]"
8,0,ĠHow,"[17, 33, 40, 45, 46, 6]"
8,0,Ġmuch,"[2, 7, 17, 37, 59, 22]"
8,0,Ġshould,"[17, 27, 37, 40, 60, 33]"
8,0,ĠI,"[17, 21, 37, 40, 62, 16]"
8,0,Ġbe,"[17, 19, 21, 37, 60, 62]"
8,0,Ġcontributing,"[5, 9, 37, 57, 61, 29]"
8,0,Ġtowards,"[5, 19, 29, 37, 61, 17]"
8,0,Ġmy,"[17, 31, 37, 58, 62, 61]"
8,0,Ġmarketing,"[2, 4, 9, 15, 24, 61]"
8,0,Ġbudget,"[2, 9, 37, 57, 61, 5]"
8,0,?,"[3, 10, 17, 33, 45, 6]"
9,0,<｜begin▁of▁sentence｜>,"[12, 13, 22, 27, 31, 44]"
9,0,I,"[10, 12, 44, 45, 53, 55]"
9,0,Ġrun,"[0, 23, 36, 45, 50, 62]"
9,0,Ġa,"[23, 28, 45, 50, 62, 47]"
9,0,Ġplumbing,"[0, 7, 27, 60, 63, 4]"
9,0,Ġbusiness,"[4, 6, 31, 50, 60, 7]"
9,0,",","[35, 41, 45, 48, 58, 1]"
9,0,ĠI,"[18, 30, 45, 46, 50, 0]"
9,0,',"[1, 35, 41, 45, 46, 50]"
9,0,d,"[0, 25, 45, 46, 52, 18]"
9,0,Ġlike,"[25, 42, 45, 46, 52, 26]"
9,0,Ġto,"[25, 40, 42, 45, 52, 46]"
9,0,Ġincrease,"[21, 36, 42, 52, 54, 14]"
9,0,Ġrevenue,"[6, 9, 11, 31, 51, 14]"
9,0,.,"[35, 41, 45, 48, 58, 1]"
9,0,ĠHow,"[38, 41, 45, 46, 52, 17]"
9,0,Ġmuch,"[11, 28, 37, 52, 56, 0]"
9,0,Ġshould,"[20, 25, 28, 52, 56, 42]"
9,0,ĠI,"[18, 30, 39, 42, 52, 56]"
9,0,Ġbe,"[20, 29, 39, 52, 56, 25]"
9,0,Ġcontributing,"[6, 9, 11, 36, 51, 56]"
9,0,Ġtowards,"[6, 21, 36, 54, 56, 40]"
9,0,Ġmy,"[6, 21, 30, 47, 54, 24]"
9,0,Ġmarketing,"[7, 9, 14, 31, 51, 6]"
9,0,Ġbudget,"[6, 9, 11, 31, 51, 14]"
9,0,?,"[15, 35, 41, 48, 58, 1]"
10,0,<｜begin▁of▁sentence｜>,"[2, 9, 13, 42, 47, 31]"
10,0,I,"[25, 41, 44, 50, 61, 57]"
10,0,Ġrun,"[10, 27, 33, 59, 62, 19]"
10,0,Ġa,"[31, 33, 38, 56, 61, 36]"
10,0,Ġplumbing,"[10, 16, 33, 35, 49, 15]"
10,0,Ġbusiness,"[16, 18, 20, 33, 49, 14]"
10,0,",","[29, 33, 53, 55, 60, 11]"
10,0,ĠI,"[14, 30, 33, 55, 60, 47]"
10,0,',"[33, 53, 55, 59, 60, 41]"
10,0,d,"[0, 13, 30, 33, 36, 59]"
10,0,Ġlike,"[33, 36, 40, 48, 59, 62]"
10,0,Ġto,"[33, 36, 40, 48, 59, 62]"
10,0,Ġincrease,"[33, 36, 40, 48, 52, 56]"
10,0,Ġrevenue,"[15, 32, 33, 35, 49, 21]"
10,0,.,"[29, 33, 53, 55, 60, 30]"
10,0,ĠHow,"[4, 30, 33, 41, 59, 55]"
10,0,Ġmuch,"[4, 21, 33, 43, 63, 28]"
10,0,Ġshould,"[4, 21, 33, 37, 40, 63]"
10,0,ĠI,"[4, 14, 33, 40, 48, 36]"
10,0,Ġbe,"[4, 21, 33, 40, 62, 48]"
10,0,Ġcontributing,"[4, 33, 35, 40, 56, 43]"
10,0,Ġtowards,"[33, 40, 43, 52, 56, 21]"
10,0,Ġmy,"[26, 33, 38, 52, 54, 4]"
10,0,Ġmarketing,"[16, 20, 33, 35, 49, 56]"
10,0,Ġbudget,"[21, 33, 35, 43, 58, 49]"
10,0,?,"[30, 33, 53, 55, 60, 29]"
11,0,<｜begin▁of▁sentence｜>,"[10, 11, 17, 18, 27, 54]"
11,0,I,"[10, 17, 43, 49, 61, 34]"
11,0,Ġrun,"[10, 21, 43, 54, 62, 16]"
11,0,Ġa,"[1, 16, 20, 54, 62, 43]"
11,0,Ġplumbing,"[16, 29, 38, 40, 42, 33]"
11,0,Ġbusiness,"[13, 16, 27, 33, 52, 15]"
11,0,",","[0, 8, 16, 43, 54, 60]"
11,0,ĠI,"[1, 6, 10, 60, 61, 54]"
11,0,',"[4, 8, 40, 43, 62, 35]"
11,0,d,"[6, 10, 16, 46, 54, 55]"
11,0,Ġlike,"[6, 16, 46, 54, 62, 55]"
11,0,Ġto,"[6, 16, 45, 54, 62, 10]"
11,0,Ġincrease,"[16, 21, 45, 56, 62, 39]"
11,0,Ġrevenue,"[13, 15, 16, 48, 56, 33]"
11,0,.,"[8, 16, 35, 47, 54, 0]"
11,0,ĠHow,"[6, 16, 46, 54, 57, 15]"
11,0,Ġmuch,"[11, 14, 16, 57, 62, 6]"
11,0,Ġshould,"[6, 11, 14, 16, 57, 15]"
11,0,ĠI,"[6, 15, 16, 57, 61, 11]"
11,0,Ġbe,"[6, 14, 36, 37, 57, 11]"
11,0,Ġcontributing,"[14, 21, 37, 56, 57, 29]"
11,0,Ġtowards,"[21, 32, 37, 45, 50, 39]"
11,0,Ġmy,"[19, 20, 45, 50, 51, 32]"
11,0,Ġmarketing,"[15, 38, 42, 48, 52, 13]"
11,0,Ġbudget,"[13, 15, 33, 48, 52, 14]"
11,0,?,"[8, 14, 16, 47, 57, 28]"
12,0,<｜begin▁of▁sentence｜>,"[4, 30, 37, 50, 59, 3]"
12,0,I,"[12, 23, 29, 59, 62, 4]"
12,0,Ġrun,"[0, 5, 19, 30, 34, 26]"
12,0,Ġa,"[19, 30, 43, 47, 53, 2]"
12,0,Ġplumbing,"[16, 18, 22, 52, 63, 33]"
12,0,Ġbusiness,"[16, 18, 19, 22, 52, 8]"
12,0,",","[7, 19, 29, 38, 42, 41]"
12,0,ĠI,"[5, 19, 25, 39, 57, 14]"
12,0,',"[12, 16, 29, 38, 41, 42]"
12,0,d,"[17, 19, 30, 37, 51, 60]"
12,0,Ġlike,"[0, 17, 30, 57, 60, 34]"
12,0,Ġto,"[17, 30, 55, 57, 60, 0]"
12,0,Ġincrease,"[6, 34, 49, 55, 60, 37]"
12,0,Ġrevenue,"[6, 16, 18, 26, 52, 1]"
12,0,.,"[7, 29, 38, 41, 42, 16]"
12,0,ĠHow,"[17, 29, 37, 41, 57, 3]"
12,0,Ġmuch,"[6, 14, 17, 34, 60, 37]"
12,0,Ġshould,"[6, 14, 17, 34, 60, 3]"
12,0,ĠI,"[5, 6, 17, 25, 60, 62]"
12,0,Ġbe,"[3, 6, 17, 34, 60, 37]"
12,0,Ġcontributing,"[1, 6, 14, 34, 60, 0]"
12,0,Ġtowards,"[6, 14, 20, 34, 60, 0]"
12,0,Ġmy,"[6, 14, 15, 34, 43, 49]"
12,0,Ġmarketing,"[16, 18, 22, 26, 52, 21]"
12,0,Ġbudget,"[6, 18, 22, 52, 63, 59]"
12,0,?,"[6, 7, 38, 42, 54, 48]"
13,0,<｜begin▁of▁sentence｜>,"[11, 24, 34, 36, 47, 58]"
13,0,I,"[6, 14, 45, 54, 58, 10]"
13,0,Ġrun,"[6, 8, 23, 28, 38, 26]"
13,0,Ġa,"[6, 20, 22, 38, 49, 23]"
13,0,Ġplumbing,"[5, 6, 16, 22, 63, 20]"
13,0,Ġbusiness,"[5, 6, 28, 62, 63, 1]"
13,0,",","[1, 6, 21, 31, 33, 44]"
13,0,ĠI,"[8, 28, 31, 49, 60, 6]"
13,0,',"[6, 26, 29, 33, 44, 58]"
13,0,d,"[8, 28, 31, 40, 41, 6]"
13,0,Ġlike,"[6, 28, 41, 42, 57, 49]"
13,0,Ġto,"[6, 28, 41, 49, 51, 57]"
13,0,Ġincrease,"[0, 4, 28, 38, 51, 49]"
13,0,Ġrevenue,"[4, 39, 53, 59, 62, 6]"
13,0,.,"[4, 21, 33, 40, 41, 6]"
13,0,ĠHow,"[4, 6, 40, 41, 42, 27]"
13,0,Ġmuch,"[0, 4, 39, 41, 51, 49]"
13,0,Ġshould,"[0, 4, 39, 41, 51, 27]"
13,0,ĠI,"[0, 4, 39, 49, 51, 28]"
13,0,Ġbe,"[0, 4, 9, 39, 49, 51]"
13,0,Ġcontributing,"[4, 38, 39, 51, 63, 9]"
13,0,Ġtowards,"[4, 9, 39, 49, 51, 7]"
13,0,Ġmy,"[9, 20, 25, 32, 51, 49]"
13,0,Ġmarketing,"[4, 16, 39, 53, 63, 61]"
13,0,Ġbudget,"[15, 35, 39, 55, 63, 53]"
13,0,?,"[21, 33, 39, 40, 41, 4]"
14,0,<｜begin▁of▁sentence｜>,"[5, 7, 23, 27, 51, 24]"
14,0,I,"[7, 18, 27, 31, 61, 33]"
14,0,Ġrun,"[20, 24, 29, 35, 61, 12]"
14,0,Ġa,"[10, 17, 29, 32, 40, 54]"
14,0,Ġplumbing,"[10, 32, 38, 55, 59, 20]"
14,0,Ġbusiness,"[8, 37, 38, 39, 59, 10]"
14,0,",","[4, 15, 28, 33, 59, 30]"
14,0,ĠI,"[1, 12, 21, 39, 59, 10]"
14,0,',"[9, 15, 28, 31, 33, 7]"
14,0,d,"[1, 12, 21, 39, 54, 5]"
14,0,Ġlike,"[1, 5, 12, 21, 52, 59]"
14,0,Ġto,"[1, 12, 21, 39, 40, 7]"
14,0,Ġincrease,"[1, 29, 35, 58, 59, 16]"
14,0,Ġrevenue,"[8, 16, 22, 38, 59, 49]"
14,0,.,"[4, 25, 28, 30, 59, 3]"
14,0,ĠHow,"[1, 5, 52, 59, 60, 7]"
14,0,Ġmuch,"[2, 6, 16, 49, 59, 1]"
14,0,Ġshould,"[1, 12, 16, 59, 60, 40]"
14,0,ĠI,"[1, 12, 16, 21, 59, 39]"
14,0,Ġbe,"[1, 12, 16, 59, 62, 39]"
14,0,Ġcontributing,"[8, 16, 20, 40, 59, 52]"
14,0,Ġtowards,"[1, 16, 20, 29, 40, 3]"
14,0,Ġmy,"[16, 17, 29, 32, 59, 1]"
14,0,Ġmarketing,"[16, 35, 38, 55, 59, 45]"
14,0,Ġbudget,"[8, 16, 37, 38, 59, 52]"
14,0,?,"[4, 16, 25, 30, 59, 49]"
15,0,<｜begin▁of▁sentence｜>,"[5, 14, 48, 52, 55, 36]"
15,0,I,"[5, 17, 24, 40, 53, 41]"
15,0,Ġrun,"[1, 7, 21, 45, 53, 35]"
15,0,Ġa,"[1, 7, 29, 46, 56, 2]"
15,0,Ġplumbing,"[7, 25, 36, 42, 51, 43]"
15,0,Ġbusiness,"[7, 27, 36, 42, 43, 50]"
15,0,",","[7, 33, 34, 50, 63, 16]"
15,0,ĠI,"[7, 45, 51, 53, 62, 12]"
15,0,',"[5, 6, 17, 24, 50, 16]"
15,0,d,"[8, 17, 45, 53, 62, 7]"
15,0,Ġlike,"[8, 14, 15, 28, 45, 54]"
15,0,Ġto,"[7, 8, 45, 53, 62, 54]"
15,0,Ġincrease,"[1, 21, 29, 57, 60, 7]"
15,0,Ġrevenue,"[10, 27, 42, 52, 55, 47]"
15,0,.,"[0, 8, 16, 17, 50, 6]"
15,0,ĠHow,"[15, 28, 44, 57, 63, 8]"
15,0,Ġmuch,"[8, 14, 28, 29, 57, 39]"
15,0,Ġshould,"[8, 14, 21, 29, 44, 45]"
15,0,ĠI,"[29, 40, 44, 45, 62, 17]"
15,0,Ġbe,"[29, 31, 44, 45, 62, 59]"
15,0,Ġcontributing,"[1, 27, 28, 29, 59, 44]"
15,0,Ġtowards,"[1, 2, 21, 29, 34, 30]"
15,0,Ġmy,"[1, 2, 7, 29, 46, 51]"
15,0,Ġmarketing,"[5, 36, 40, 50, 55, 14]"
15,0,Ġbudget,"[27, 31, 39, 42, 55, 25]"
15,0,?,"[6, 8, 16, 50, 63, 14]"
16,0,<｜begin▁of▁sentence｜>,"[9, 13, 26, 33, 63, 49]"
16,0,I,"[16, 33, 37, 41, 53, 9]"
16,0,Ġrun,"[0, 10, 23, 47, 52, 13]"
16,0,Ġa,"[1, 6, 31, 52, 58, 23]"
16,0,Ġplumbing,"[6, 25, 30, 57, 61, 58]"
16,0,Ġbusiness,"[6, 25, 45, 54, 56, 63]"
16,0,",","[17, 24, 38, 42, 44, 41]"
16,0,ĠI,"[18, 37, 41, 42, 44, 49]"
16,0,',"[9, 15, 16, 17, 61, 41]"
16,0,d,"[0, 8, 11, 41, 62, 33]"
16,0,Ġlike,"[3, 39, 48, 59, 61, 13]"
16,0,Ġto,"[11, 39, 50, 59, 62, 41]"
16,0,Ġincrease,"[4, 23, 39, 43, 52, 22]"
16,0,Ġrevenue,"[4, 28, 56, 60, 63, 5]"
16,0,.,"[17, 24, 32, 38, 42, 44]"
16,0,ĠHow,"[3, 7, 48, 49, 62, 30]"
16,0,Ġmuch,"[1, 3, 7, 21, 23, 45]"
16,0,Ġshould,"[7, 23, 36, 52, 62, 3]"
16,0,ĠI,"[9, 11, 39, 49, 52, 34]"
16,0,Ġbe,"[0, 21, 39, 43, 49, 52]"
16,0,Ġcontributing,"[3, 21, 23, 52, 56, 49]"
16,0,Ġtowards,"[23, 35, 46, 52, 58, 31]"
16,0,Ġmy,"[23, 32, 35, 52, 58, 1]"
16,0,Ġmarketing,"[4, 6, 56, 57, 60, 28]"
16,0,Ġbudget,"[25, 28, 30, 56, 57, 9]"
16,0,?,"[9, 15, 17, 19, 24, 21]"
17,0,<｜begin▁of▁sentence｜>,"[0, 11, 18, 26, 43, 41]"
17,0,I,"[8, 18, 20, 28, 29, 26]"
17,0,Ġrun,"[22, 30, 39, 49, 63, 12]"
17,0,Ġa,"[2, 12, 22, 34, 62, 39]"
17,0,Ġplumbing,"[23, 45, 50, 58, 59, 1]"
17,0,Ġbusiness,"[6, 46, 47, 50, 58, 7]"
17,0,",","[26, 42, 52, 55, 62, 25]"
17,0,ĠI,"[4, 8, 14, 23, 29, 9]"
17,0,',"[26, 29, 37, 40, 62, 41]"
17,0,d,"[4, 8, 33, 44, 56, 14]"
17,0,Ġlike,"[27, 32, 39, 44, 54, 41]"
17,0,Ġto,"[4, 8, 33, 44, 56, 12]"
17,0,Ġincrease,"[11, 22, 29, 36, 39, 60]"
17,0,Ġrevenue,"[7, 9, 46, 47, 50, 0]"
17,0,.,"[25, 40, 42, 52, 55, 23]"
17,0,ĠHow,"[5, 20, 41, 52, 61, 37]"
17,0,Ġmuch,"[1, 20, 39, 48, 51, 13]"
17,0,Ġshould,"[33, 44, 48, 52, 60, 20]"
17,0,ĠI,"[4, 8, 33, 44, 56, 1]"
17,0,Ġbe,"[5, 8, 33, 44, 56, 4]"
17,0,Ġcontributing,"[13, 22, 38, 43, 47, 51]"
17,0,Ġtowards,"[4, 11, 36, 39, 43, 34]"
17,0,Ġmy,"[16, 34, 36, 43, 60, 1]"
17,0,Ġmarketing,"[19, 45, 47, 50, 58, 10]"
17,0,Ġbudget,"[7, 9, 47, 50, 58, 1]"
17,0,?,"[25, 29, 40, 55, 62, 1]"
18,0,<｜begin▁of▁sentence｜>,"[2, 5, 39, 56, 61, 49]"
18,0,I,"[6, 31, 36, 46, 53, 33]"
18,0,Ġrun,"[7, 15, 18, 47, 55, 61]"
18,0,Ġa,"[18, 28, 34, 55, 61, 15]"
18,0,Ġplumbing,"[3, 5, 14, 48, 61, 49]"
18,0,Ġbusiness,"[5, 35, 36, 56, 60, 0]"
18,0,",","[18, 30, 46, 51, 59, 60]"
18,0,ĠI,"[11, 21, 45, 60, 61, 2]"
18,0,',"[30, 40, 42, 46, 59, 12]"
18,0,d,"[21, 29, 30, 36, 45, 1]"
18,0,Ġlike,"[1, 12, 26, 33, 47, 54]"
18,0,Ġto,"[21, 29, 41, 45, 61, 20]"
18,0,Ġincrease,"[7, 26, 41, 47, 56, 12]"
18,0,Ġrevenue,"[7, 16, 19, 36, 50, 52]"
18,0,.,"[30, 40, 46, 51, 57, 17]"
18,0,ĠHow,"[12, 17, 25, 34, 35, 48]"
18,0,Ġmuch,"[12, 26, 43, 47, 60, 61]"
18,0,Ġshould,"[13, 26, 44, 58, 60, 47]"
18,0,ĠI,"[9, 13, 20, 29, 45, 60]"
18,0,Ġbe,"[9, 13, 20, 29, 60, 36]"
18,0,Ġcontributing,"[7, 13, 47, 55, 60, 5]"
18,0,Ġtowards,"[7, 13, 30, 41, 47, 61]"
18,0,Ġmy,"[18, 28, 47, 61, 63, 37]"
18,0,Ġmarketing,"[3, 7, 14, 44, 48, 10]"
18,0,Ġbudget,"[7, 10, 13, 14, 60, 16]"
18,0,?,"[18, 46, 50, 51, 57, 59]"
19,0,<｜begin▁of▁sentence｜>,"[5, 6, 23, 44, 54, 40]"
19,0,I,"[6, 22, 24, 28, 58, 40]"
19,0,Ġrun,"[4, 17, 20, 21, 59, 48]"
19,0,Ġa,"[4, 7, 17, 18, 55, 39]"
19,0,Ġplumbing,"[12, 27, 35, 39, 55, 42]"
19,0,Ġbusiness,"[8, 20, 23, 44, 57, 9]"
19,0,",","[2, 24, 37, 47, 61, 14]"
19,0,ĠI,"[9, 28, 42, 49, 52, 23]"
19,0,',"[23, 24, 27, 37, 41, 58]"
19,0,d,"[0, 24, 28, 51, 52, 53]"
19,0,Ġlike,"[4, 11, 21, 23, 56, 51]"
19,0,Ġto,"[0, 17, 28, 51, 52, 9]"
19,0,Ġincrease,"[10, 17, 21, 33, 51, 4]"
19,0,Ġrevenue,"[2, 20, 44, 53, 57, 31]"
19,0,.,"[23, 30, 47, 53, 58, 14]"
19,0,ĠHow,"[2, 3, 53, 56, 63, 43]"
19,0,Ġmuch,"[38, 44, 49, 51, 53, 56]"
19,0,Ġshould,"[23, 29, 43, 51, 56, 53]"
19,0,ĠI,"[0, 1, 28, 51, 52, 49]"
19,0,Ġbe,"[0, 28, 45, 51, 52, 2]"
19,0,Ġcontributing,"[4, 20, 21, 51, 57, 18]"
19,0,Ġtowards,"[21, 33, 46, 51, 55, 4]"
19,0,Ġmy,"[7, 18, 25, 51, 55, 4]"
19,0,Ġmarketing,"[27, 35, 39, 51, 57, 55]"
19,0,Ġbudget,"[20, 43, 44, 53, 57, 5]"
19,0,?,"[14, 30, 47, 53, 58, 24]"
20,0,<｜begin▁of▁sentence｜>,"[1, 20, 26, 36, 38, 57]"
20,0,I,"[7, 15, 18, 20, 60, 58]"
20,0,Ġrun,"[7, 11, 15, 51, 59, 31]"
20,0,Ġa,"[7, 11, 15, 27, 46, 35]"
20,0,Ġplumbing,"[11, 41, 46, 61, 62, 18]"
20,0,Ġbusiness,"[5, 21, 48, 55, 57, 44]"
20,0,",","[0, 9, 11, 25, 46, 57]"
20,0,ĠI,"[11, 20, 24, 46, 54, 60]"
20,0,',"[15, 30, 43, 44, 50, 7]"
20,0,d,"[0, 20, 24, 49, 60, 56]"
20,0,Ġlike,"[3, 15, 49, 51, 58, 39]"
20,0,Ġto,"[1, 11, 20, 28, 63, 49]"
20,0,Ġincrease,"[11, 35, 38, 46, 59, 33]"
20,0,Ġrevenue,"[5, 21, 44, 57, 62, 38]"
20,0,.,"[5, 7, 11, 22, 44, 25]"
20,0,ĠHow,"[5, 11, 24, 42, 45, 57]"
20,0,Ġmuch,"[5, 11, 24, 42, 46, 58]"
20,0,Ġshould,"[5, 11, 26, 42, 47, 61]"
20,0,ĠI,"[5, 11, 24, 26, 46, 7]"
20,0,Ġbe,"[5, 11, 24, 35, 46, 26]"
20,0,Ġcontributing,"[5, 11, 26, 55, 58, 31]"
20,0,Ġtowards,"[5, 11, 28, 46, 59, 26]"
20,0,Ġmy,"[5, 11, 17, 26, 46, 32]"
20,0,Ġmarketing,"[5, 11, 41, 61, 62, 27]"
20,0,Ġbudget,"[4, 5, 21, 38, 44, 0]"
20,0,?,"[5, 7, 15, 22, 44, 11]"
21,0,<｜begin▁of▁sentence｜>,"[16, 19, 21, 53, 54, 28]"
21,0,I,"[15, 17, 21, 28, 51, 39]"
21,0,Ġrun,"[29, 47, 50, 57, 60, 43]"
21,0,Ġa,"[18, 36, 46, 57, 62, 4]"
21,0,Ġplumbing,"[2, 18, 32, 34, 41, 6]"
21,0,Ġbusiness,"[6, 22, 29, 48, 52, 26]"
21,0,",","[24, 28, 37, 42, 62, 53]"
21,0,ĠI,"[11, 15, 17, 24, 51, 39]"
21,0,',"[1, 8, 16, 34, 40, 42]"
21,0,d,"[2, 24, 28, 51, 54, 39]"
21,0,Ġlike,"[10, 33, 40, 47, 50, 11]"
21,0,Ġto,"[15, 16, 24, 40, 54, 4]"
21,0,Ġincrease,"[6, 20, 23, 31, 57, 36]"
21,0,Ġrevenue,"[6, 22, 28, 31, 41, 51]"
21,0,.,"[2, 23, 31, 34, 51, 48]"
21,0,ĠHow,"[7, 9, 31, 33, 49, 28]"
21,0,Ġmuch,"[9, 20, 31, 33, 50, 56]"
21,0,Ġshould,"[5, 31, 33, 56, 60, 2]"
21,0,ĠI,"[2, 17, 20, 24, 59, 31]"
21,0,Ġbe,"[20, 24, 29, 31, 59, 54]"
21,0,Ġcontributing,"[4, 5, 31, 49, 60, 8]"
21,0,Ġtowards,"[31, 36, 46, 50, 63, 57]"
21,0,Ġmy,"[36, 43, 46, 55, 57, 32]"
21,0,Ġmarketing,"[6, 18, 22, 32, 41, 28]"
21,0,Ġbudget,"[8, 22, 49, 51, 60, 6]"
21,0,?,"[12, 19, 23, 48, 51, 17]"
22,0,<｜begin▁of▁sentence｜>,"[0, 3, 5, 8, 55, 11]"
22,0,I,"[6, 8, 27, 42, 63, 11]"
22,0,Ġrun,"[8, 27, 28, 34, 47, 12]"
22,0,Ġa,"[4, 8, 24, 34, 52, 10]"
22,0,Ġplumbing,"[7, 8, 9, 10, 43, 17]"
22,0,Ġbusiness,"[8, 12, 16, 37, 61, 27]"
22,0,",","[8, 9, 16, 40, 57, 53]"
22,0,ĠI,"[20, 27, 38, 42, 59, 5]"
22,0,',"[8, 11, 29, 35, 50, 45]"
22,0,d,"[38, 45, 52, 59, 63, 54]"
22,0,Ġlike,"[8, 14, 18, 31, 32, 22]"
22,0,Ġto,"[8, 14, 36, 38, 59, 63]"
22,0,Ġincrease,"[8, 18, 19, 26, 32, 27]"
22,0,Ġrevenue,"[8, 12, 16, 20, 51, 61]"
22,0,.,"[8, 21, 40, 60, 61, 5]"
22,0,ĠHow,"[8, 14, 27, 56, 63, 19]"
22,0,Ġmuch,"[2, 4, 8, 23, 56, 19]"
22,0,Ġshould,"[8, 14, 23, 26, 54, 15]"
22,0,ĠI,"[8, 36, 38, 40, 59, 50]"
22,0,Ġbe,"[8, 31, 36, 38, 59, 2]"
22,0,Ġcontributing,"[8, 12, 16, 47, 51, 53]"
22,0,Ġtowards,"[8, 10, 28, 44, 57, 18]"
22,0,Ġmy,"[8, 10, 13, 44, 57, 25]"
22,0,Ġmarketing,"[8, 12, 13, 16, 51, 43]"
22,0,Ġbudget,"[8, 12, 16, 47, 51, 61]"
22,0,?,"[8, 9, 11, 21, 60, 46]"
23,0,<｜begin▁of▁sentence｜>,"[0, 3, 5, 45, 47, 16]"
23,0,I,"[0, 8, 11, 45, 48, 37]"
23,0,Ġrun,"[2, 14, 17, 21, 50, 52]"
23,0,Ġa,"[26, 41, 50, 51, 56, 62]"
23,0,Ġplumbing,"[26, 41, 46, 56, 59, 13]"
23,0,Ġbusiness,"[10, 18, 27, 28, 37, 46]"
23,0,",","[6, 27, 38, 59, 61, 26]"
23,0,ĠI,"[0, 8, 11, 29, 48, 44]"
23,0,',"[4, 9, 11, 22, 23, 7]"
23,0,d,"[8, 11, 29, 48, 53, 42]"
23,0,Ġlike,"[2, 17, 24, 42, 49, 63]"
23,0,Ġto,"[8, 11, 29, 44, 51, 50]"
23,0,Ġincrease,"[17, 26, 37, 43, 51, 59]"
23,0,Ġrevenue,"[18, 42, 43, 46, 52, 36]"
23,0,.,"[6, 23, 38, 42, 46, 57]"
23,0,ĠHow,"[1, 2, 36, 48, 61, 13]"
23,0,Ġmuch,"[1, 36, 43, 48, 61, 26]"
23,0,Ġshould,"[20, 34, 37, 43, 61, 26]"
23,0,ĠI,"[8, 26, 29, 43, 44, 48]"
23,0,Ġbe,"[26, 29, 43, 44, 58, 15]"
23,0,Ġcontributing,"[2, 18, 26, 36, 43, 20]"
23,0,Ġtowards,"[17, 26, 34, 43, 59, 35]"
23,0,Ġmy,"[22, 26, 41, 43, 59, 51]"
23,0,Ġmarketing,"[18, 26, 31, 36, 43, 46]"
23,0,Ġbudget,"[18, 32, 36, 46, 53, 34]"
23,0,?,"[6, 32, 38, 45, 46, 24]"
24,0,<｜begin▁of▁sentence｜>,"[10, 24, 47, 62, 63, 5]"
24,0,I,"[10, 24, 29, 32, 42, 22]"
24,0,Ġrun,"[13, 16, 21, 24, 58, 53]"
24,0,Ġa,"[16, 26, 39, 46, 56, 63]"
24,0,Ġplumbing,"[0, 20, 39, 43, 46, 30]"
24,0,Ġbusiness,"[4, 9, 18, 57, 63, 24]"
24,0,",","[4, 5, 14, 51, 52, 58]"
24,0,ĠI,"[32, 34, 49, 54, 57, 52]"
24,0,',"[7, 40, 41, 50, 63, 44]"
24,0,d,"[32, 41, 49, 52, 54, 34]"
24,0,Ġlike,"[13, 17, 24, 31, 57, 15]"
24,0,Ġto,"[24, 35, 49, 54, 63, 1]"
24,0,Ġincrease,"[11, 13, 24, 34, 39, 55]"
24,0,Ġrevenue,"[9, 20, 21, 24, 63, 59]"
24,0,.,"[14, 36, 45, 51, 61, 24]"
24,0,ĠHow,"[20, 24, 32, 36, 57, 0]"
24,0,Ġmuch,"[11, 12, 20, 24, 30, 6]"
24,0,Ġshould,"[0, 10, 13, 20, 24, 59]"
24,0,ĠI,"[20, 24, 35, 49, 54, 52]"
24,0,Ġbe,"[4, 20, 24, 35, 54, 53]"
24,0,Ġcontributing,"[9, 18, 20, 21, 24, 32]"
24,0,Ġtowards,"[4, 13, 39, 46, 48, 30]"
24,0,Ġmy,"[6, 25, 39, 46, 56, 30]"
24,0,Ġmarketing,"[9, 20, 39, 43, 46, 30]"
24,0,Ġbudget,"[7, 9, 20, 23, 47, 63]"
24,0,?,"[47, 50, 51, 61, 63, 58]"
25,0,<｜begin▁of▁sentence｜>,"[1, 11, 38, 39, 45, 54]"
25,0,I,"[21, 46, 48, 61, 62, 2]"
25,0,Ġrun,"[5, 18, 31, 47, 58, 7]"
25,0,Ġa,"[16, 24, 35, 41, 58, 15]"
25,0,Ġplumbing,"[3, 6, 27, 31, 58, 13]"
25,0,Ġbusiness,"[17, 20, 33, 40, 55, 3]"
25,0,",","[1, 7, 8, 18, 42, 23]"
25,0,ĠI,"[21, 34, 48, 59, 61, 2]"
25,0,',"[0, 36, 52, 59, 63, 8]"
25,0,d,"[2, 34, 48, 53, 61, 21]"
25,0,Ġlike,"[5, 8, 11, 37, 47, 13]"
25,0,Ġto,"[19, 34, 48, 53, 61, 57]"
25,0,Ġincrease,"[5, 9, 51, 57, 58, 27]"
25,0,Ġrevenue,"[17, 20, 31, 55, 57, 8]"
25,0,.,"[1, 10, 44, 45, 57, 9]"
25,0,ĠHow,"[0, 8, 9, 50, 57, 34]"
25,0,Ġmuch,"[0, 8, 9, 50, 58, 60]"
25,0,Ġshould,"[0, 9, 32, 56, 59, 36]"
25,0,ĠI,"[9, 19, 48, 53, 61, 0]"
25,0,Ġbe,"[12, 19, 22, 53, 61, 9]"
25,0,Ġcontributing,"[5, 17, 20, 47, 48, 11]"
25,0,Ġtowards,"[5, 14, 18, 41, 58, 29]"
25,0,Ġmy,"[14, 27, 35, 51, 58, 16]"
25,0,Ġmarketing,"[17, 27, 28, 31, 58, 20]"
25,0,Ġbudget,"[11, 17, 20, 28, 31, 13]"
25,0,?,"[1, 10, 12, 17, 45, 44]"
26,0,<｜begin▁of▁sentence｜>,"[9, 34, 54, 56, 57, 14]"
26,0,I,"[15, 17, 20, 21, 42, 5]"
26,0,Ġrun,"[6, 32, 33, 37, 60, 48]"
26,0,Ġa,"[1, 12, 19, 28, 50, 51]"
26,0,Ġplumbing,"[11, 19, 28, 39, 46, 8]"
26,0,Ġbusiness,"[0, 16, 45, 56, 58, 13]"
26,0,",","[2, 15, 21, 32, 54, 56]"
26,0,ĠI,"[5, 15, 20, 21, 42, 59]"
26,0,',"[9, 34, 44, 45, 63, 61]"
26,0,d,"[15, 18, 20, 21, 42, 3]"
26,0,Ġlike,"[7, 22, 40, 46, 60, 18]"
26,0,Ġto,"[3, 15, 39, 42, 44, 45]"
26,0,Ġincrease,"[8, 18, 23, 47, 60, 7]"
26,0,Ġrevenue,"[16, 25, 26, 56, 58, 18]"
26,0,.,"[24, 26, 36, 52, 56, 54]"
26,0,ĠHow,"[22, 36, 46, 49, 55, 14]"
26,0,Ġmuch,"[14, 23, 35, 47, 49, 46]"
26,0,Ġshould,"[15, 18, 35, 46, 55, 60]"
26,0,ĠI,"[15, 20, 39, 42, 49, 63]"
26,0,Ġbe,"[2, 4, 20, 42, 49, 37]"
26,0,Ġcontributing,"[29, 35, 37, 38, 40, 10]"
26,0,Ġtowards,"[6, 23, 31, 32, 60, 51]"
26,0,Ġmy,"[1, 8, 12, 19, 51, 23]"
26,0,Ġmarketing,"[8, 28, 29, 35, 39, 19]"
26,0,Ġbudget,"[26, 29, 35, 38, 58, 7]"
26,0,?,"[24, 26, 36, 52, 56, 63]"
