Layer ID,Batch Number,Token,Activated Expert IDs
1,0,<｜begin▁of▁sentence｜>,"[8, 26, 56, 57, 60, 43]"
1,0,Fantastic,"[0, 6, 8, 47, 63, 46]"
1,0,!,"[4, 25, 43, 55, 57, 8]"
1,0,ĠI,"[5, 8, 26, 46, 62, 15]"
1,0,',"[8, 25, 56, 60, 62, 11]"
1,0,ll,"[8, 11, 23, 38, 63, 53]"
1,0,Ġhave,"[8, 23, 29, 38, 63, 5]"
1,0,Ġmy,"[21, 22, 46, 55, 62, 8]"
1,0,Ġpeople,"[33, 39, 40, 47, 61, 2]"
1,0,Ġcontact,"[10, 37, 54, 58, 63, 14]"
1,0,Ġyour,"[21, 49, 50, 55, 62, 56]"
1,0,Ġpeople,"[2, 39, 47, 58, 61, 34]"
1,0,Ġso,"[0, 11, 22, 42, 43, 8]"
1,0,Ġwe,"[11, 20, 25, 29, 62, 8]"
1,0,Ġcan,"[11, 25, 27, 56, 63, 41]"
1,0,Ġdraft,"[2, 14, 18, 41, 54, 40]"
1,0,Ġthe,"[6, 12, 21, 49, 50, 8]"
1,0,Ġnecessary,"[3, 10, 14, 47, 63, 23]"
1,0,Ġpaperwork,"[2, 7, 10, 39, 40, 59]"
1,0,Ġand,"[7, 8, 26, 30, 51, 59]"
1,0,Ġexped,"[18, 30, 44, 54, 63, 14]"
1,0,ite,"[14, 22, 28, 34, 54, 23]"
1,0,Ġthe,"[6, 8, 21, 26, 49, 12]"
1,0,Ġprocess,"[2, 3, 34, 47, 59, 8]"
1,0,.,"[4, 11, 43, 51, 57, 8]"
1,0,ĠWhen,"[5, 27, 42, 43, 46, 26]"
1,0,Ġdo,"[5, 10, 24, 45, 63, 26]"
1,0,Ġyou,"[11, 28, 29, 55, 62, 8]"
1,0,Ġthink,"[26, 42, 48, 56, 58, 22]"
1,0,Ġyour,"[15, 21, 30, 55, 62, 26]"
1,0,Ġcompany,"[1, 40, 47, 59, 61, 2]"
1,0,Ġwill,"[5, 9, 25, 38, 63, 26]"
1,0,Ġbe,"[0, 11, 29, 35, 38, 26]"
1,0,Ġable,"[8, 10, 23, 27, 63, 43]"
1,0,Ġto,"[8, 24, 29, 35, 53, 26]"
1,0,Ġstart,"[18, 23, 37, 41, 58, 8]"
1,0,Ġaccepting,"[10, 37, 41, 54, 58, 14]"
1,0,Ġorders,"[2, 18, 39, 58, 61, 54]"
1,0,Ġfrom,"[24, 41, 49, 52, 56, 26]"
1,0,Ġour,"[0, 21, 25, 56, 62, 26]"
1,0,Ġcompany,"[1, 40, 47, 59, 61, 56]"
1,0,?,"[4, 25, 43, 57, 60, 44]"
2,0,<｜begin▁of▁sentence｜>,"[3, 35, 38, 62, 63, 60]"
2,0,Fantastic,"[35, 42, 52, 60, 63, 6]"
2,0,!,"[0, 8, 19, 46, 51, 47]"
2,0,ĠI,"[7, 20, 42, 58, 61, 51]"
2,0,',"[0, 8, 19, 38, 62, 10]"
2,0,ll,"[7, 21, 38, 51, 61, 29]"
2,0,Ġhave,"[16, 24, 39, 51, 56, 49]"
2,0,Ġmy,"[3, 20, 22, 52, 55, 49]"
2,0,Ġpeople,"[20, 26, 33, 36, 45, 43]"
2,0,Ġcontact,"[5, 12, 28, 32, 36, 39]"
2,0,Ġyour,"[4, 20, 22, 52, 55, 2]"
2,0,Ġpeople,"[20, 33, 36, 45, 60, 52]"
2,0,Ġso,"[5, 15, 28, 34, 47, 13]"
2,0,Ġwe,"[7, 16, 20, 57, 61, 41]"
2,0,Ġcan,"[5, 7, 12, 16, 51, 28]"
2,0,Ġdraft,"[9, 11, 30, 32, 39, 53]"
2,0,Ġthe,"[2, 11, 22, 52, 55, 14]"
2,0,Ġnecessary,"[17, 30, 33, 45, 52, 26]"
2,0,Ġpaperwork,"[26, 30, 36, 45, 54, 27]"
2,0,Ġand,"[0, 11, 15, 28, 46, 48]"
2,0,Ġexped,"[32, 39, 44, 59, 60, 21]"
2,0,ite,"[4, 32, 39, 44, 50, 59]"
2,0,Ġthe,"[6, 13, 22, 52, 55, 48]"
2,0,Ġprocess,"[26, 30, 36, 37, 45, 39]"
2,0,.,"[0, 8, 28, 40, 46, 2]"
2,0,ĠWhen,"[6, 16, 42, 59, 61, 49]"
2,0,Ġdo,"[7, 18, 24, 37, 53, 49]"
2,0,Ġyou,"[3, 7, 10, 13, 20, 29]"
2,0,Ġthink,"[5, 12, 32, 49, 56, 40]"
2,0,Ġyour,"[7, 20, 22, 28, 52, 55]"
2,0,Ġcompany,"[20, 27, 33, 36, 45, 54]"
2,0,Ġwill,"[5, 25, 33, 47, 56, 54]"
2,0,Ġbe,"[10, 14, 16, 49, 56, 4]"
2,0,Ġable,"[6, 13, 20, 28, 56, 41]"
2,0,Ġto,"[16, 24, 34, 49, 57, 14]"
2,0,Ġstart,"[24, 32, 39, 53, 56, 31]"
2,0,Ġaccepting,"[24, 32, 39, 53, 56, 9]"
2,0,Ġorders,"[3, 26, 30, 36, 45, 54]"
2,0,Ġfrom,"[9, 15, 16, 28, 34, 25]"
2,0,Ġour,"[20, 22, 33, 37, 52, 14]"
2,0,Ġcompany,"[20, 27, 33, 36, 37, 45]"
2,0,?,"[0, 8, 19, 46, 54, 28]"
3,0,<｜begin▁of▁sentence｜>,"[4, 9, 11, 25, 54, 12]"
3,0,Fantastic,"[0, 14, 33, 48, 58, 60]"
3,0,!,"[7, 9, 22, 45, 55, 5]"
3,0,ĠI,"[0, 7, 17, 29, 42, 60]"
3,0,',"[5, 15, 45, 48, 55, 46]"
3,0,ll,"[14, 15, 30, 42, 52, 10]"
3,0,Ġhave,"[6, 30, 50, 52, 59, 58]"
3,0,Ġmy,"[2, 6, 33, 52, 54, 29]"
3,0,Ġpeople,"[2, 19, 29, 32, 33, 50]"
3,0,Ġcontact,"[37, 39, 43, 61, 63, 57]"
3,0,Ġyour,"[12, 29, 33, 37, 54, 13]"
3,0,Ġpeople,"[2, 19, 29, 32, 33, 20]"
3,0,Ġso,"[1, 16, 44, 53, 55, 31]"
3,0,Ġwe,"[16, 18, 19, 29, 44, 13]"
3,0,Ġcan,"[10, 17, 30, 31, 52, 41]"
3,0,Ġdraft,"[24, 37, 39, 50, 61, 43]"
3,0,Ġthe,"[12, 28, 33, 37, 54, 50]"
3,0,Ġnecessary,"[12, 33, 51, 54, 59, 53]"
3,0,Ġpaperwork,"[20, 32, 37, 43, 50, 42]"
3,0,Ġand,"[16, 42, 46, 51, 55, 5]"
3,0,Ġexped,"[43, 51, 52, 58, 61, 15]"
3,0,ite,"[11, 31, 40, 50, 61, 39]"
3,0,Ġthe,"[11, 12, 31, 33, 54, 46]"
3,0,Ġprocess,"[8, 20, 32, 43, 59, 63]"
3,0,.,"[0, 5, 22, 45, 55, 18]"
3,0,ĠWhen,"[4, 8, 16, 44, 58, 7]"
3,0,Ġdo,"[2, 4, 8, 30, 58, 6]"
3,0,Ġyou,"[2, 4, 8, 29, 58, 18]"
3,0,Ġthink,"[2, 4, 39, 58, 63, 44]"
3,0,Ġyour,"[2, 4, 29, 33, 54, 15]"
3,0,Ġcompany,"[20, 23, 29, 32, 50, 43]"
3,0,Ġwill,"[2, 4, 19, 30, 52, 23]"
3,0,Ġbe,"[2, 19, 23, 30, 52, 13]"
3,0,Ġable,"[5, 15, 31, 46, 48, 60]"
3,0,Ġto,"[2, 30, 31, 52, 56, 23]"
3,0,Ġstart,"[2, 8, 49, 52, 61, 30]"
3,0,Ġaccepting,"[37, 39, 59, 61, 63, 52]"
3,0,Ġorders,"[20, 25, 35, 37, 43, 11]"
3,0,Ġfrom,"[17, 18, 37, 47, 56, 26]"
3,0,Ġour,"[0, 29, 47, 54, 56, 18]"
3,0,Ġcompany,"[0, 20, 23, 29, 32, 35]"
3,0,?,"[5, 22, 45, 55, 60, 9]"
4,0,<｜begin▁of▁sentence｜>,"[11, 21, 31, 33, 49, 14]"
4,0,Fantastic,"[1, 29, 34, 47, 54, 19]"
4,0,!,"[22, 26, 29, 34, 52, 39]"
4,0,ĠI,"[29, 34, 38, 52, 59, 10]"
4,0,',"[3, 18, 29, 34, 60, 22]"
4,0,ll,"[8, 9, 25, 29, 38, 21]"
4,0,Ġhave,"[8, 9, 21, 38, 53, 29]"
4,0,Ġmy,"[4, 9, 27, 47, 61, 21]"
4,0,Ġpeople,"[4, 15, 37, 55, 62, 0]"
4,0,Ġcontact,"[6, 9, 23, 43, 50, 20]"
4,0,Ġyour,"[4, 9, 47, 51, 61, 50]"
4,0,Ġpeople,"[0, 4, 15, 55, 62, 37]"
4,0,Ġso,"[17, 23, 30, 39, 52, 16]"
4,0,Ġwe,"[4, 23, 29, 30, 51, 38]"
4,0,Ġcan,"[8, 23, 29, 30, 44, 9]"
4,0,Ġdraft,"[19, 20, 31, 43, 50, 62]"
4,0,Ġthe,"[9, 20, 29, 47, 61, 21]"
4,0,Ġnecessary,"[27, 47, 53, 54, 56, 9]"
4,0,Ġpaperwork,"[24, 28, 50, 55, 62, 32]"
4,0,Ġand,"[16, 22, 29, 39, 52, 33]"
4,0,Ġexped,"[12, 31, 43, 50, 56, 54]"
4,0,ite,"[14, 20, 43, 50, 56, 62]"
4,0,Ġthe,"[14, 20, 27, 47, 61, 45]"
4,0,Ġprocess,"[19, 28, 43, 55, 62, 53]"
4,0,.,"[3, 18, 22, 39, 52, 34]"
4,0,ĠWhen,"[5, 30, 33, 37, 38, 49]"
4,0,Ġdo,"[5, 7, 8, 9, 58, 44]"
4,0,Ġyou,"[4, 9, 30, 44, 51, 25]"
4,0,Ġthink,"[9, 25, 41, 44, 53, 8]"
4,0,Ġyour,"[4, 9, 27, 30, 47, 51]"
4,0,Ġcompany,"[0, 15, 28, 37, 62, 4]"
4,0,Ġwill,"[8, 9, 23, 25, 44, 7]"
4,0,Ġbe,"[8, 21, 44, 45, 58, 27]"
4,0,Ġable,"[3, 18, 22, 29, 34, 63]"
4,0,Ġto,"[8, 23, 44, 53, 61, 9]"
4,0,Ġstart,"[19, 23, 43, 44, 58, 61]"
4,0,Ġaccepting,"[23, 31, 43, 50, 61, 20]"
4,0,Ġorders,"[25, 43, 50, 55, 62, 31]"
4,0,Ġfrom,"[17, 20, 23, 43, 57, 61]"
4,0,Ġour,"[4, 17, 29, 51, 59, 14]"
4,0,Ġcompany,"[0, 15, 19, 28, 62, 37]"
4,0,?,"[3, 18, 22, 39, 52, 34]"
5,0,<｜begin▁of▁sentence｜>,"[19, 20, 47, 49, 52, 54]"
5,0,Fantastic,"[18, 35, 38, 41, 44, 42]"
5,0,!,"[12, 17, 27, 31, 43, 41]"
5,0,ĠI,"[16, 21, 35, 49, 50, 41]"
5,0,',"[12, 15, 18, 39, 55, 50]"
5,0,ll,"[31, 36, 49, 50, 51, 21]"
5,0,Ġhave,"[22, 31, 45, 49, 51, 4]"
5,0,Ġmy,"[16, 22, 31, 48, 51, 45]"
5,0,Ġpeople,"[1, 16, 30, 49, 55, 8]"
5,0,Ġcontact,"[3, 22, 33, 49, 51, 58]"
5,0,Ġyour,"[16, 31, 48, 49, 58, 22]"
5,0,Ġpeople,"[16, 30, 31, 34, 49, 13]"
5,0,Ġso,"[12, 27, 31, 53, 56, 49]"
5,0,Ġwe,"[16, 20, 24, 31, 48, 9]"
5,0,Ġcan,"[8, 24, 31, 45, 51, 9]"
5,0,Ġdraft,"[3, 7, 22, 30, 51, 49]"
5,0,Ġthe,"[3, 22, 31, 48, 49, 60]"
5,0,Ġnecessary,"[1, 3, 6, 29, 37, 31]"
5,0,Ġpaperwork,"[2, 6, 30, 34, 46, 7]"
5,0,Ġand,"[12, 17, 24, 43, 53, 20]"
5,0,Ġexped,"[7, 11, 24, 37, 46, 3]"
5,0,ite,"[3, 4, 7, 22, 24, 23]"
5,0,Ġthe,"[1, 3, 4, 22, 48, 24]"
5,0,Ġprocess,"[2, 4, 30, 37, 46, 6]"
5,0,.,"[12, 27, 31, 43, 53, 49]"
5,0,ĠWhen,"[21, 31, 35, 36, 50, 5]"
5,0,Ġdo,"[4, 14, 31, 45, 57, 51]"
5,0,Ġyou,"[4, 16, 31, 49, 51, 57]"
5,0,Ġthink,"[3, 31, 45, 49, 51, 4]"
5,0,Ġyour,"[4, 16, 31, 48, 51, 47]"
5,0,Ġcompany,"[13, 16, 30, 34, 49, 9]"
5,0,Ġwill,"[31, 33, 45, 51, 62, 49]"
5,0,Ġbe,"[31, 33, 45, 51, 62, 1]"
5,0,Ġable,"[8, 12, 18, 39, 47, 20]"
5,0,Ġto,"[31, 33, 45, 51, 57, 62]"
5,0,Ġstart,"[22, 33, 51, 57, 58, 62]"
5,0,Ġaccepting,"[3, 7, 22, 33, 51, 57]"
5,0,Ġorders,"[2, 7, 30, 46, 49, 57]"
5,0,Ġfrom,"[22, 23, 57, 58, 60, 32]"
5,0,Ġour,"[16, 31, 48, 58, 60, 49]"
5,0,Ġcompany,"[13, 16, 30, 34, 49, 9]"
5,0,?,"[12, 27, 42, 43, 53, 31]"
6,0,<｜begin▁of▁sentence｜>,"[13, 21, 22, 42, 47, 32]"
6,0,Fantastic,"[19, 37, 39, 46, 56, 48]"
6,0,!,"[5, 12, 16, 46, 56, 37]"
6,0,ĠI,"[19, 23, 37, 39, 56, 46]"
6,0,',"[16, 37, 46, 50, 56, 39]"
6,0,ll,"[19, 39, 46, 52, 56, 0]"
6,0,Ġhave,"[0, 7, 26, 52, 61, 44]"
6,0,Ġmy,"[7, 36, 44, 52, 61, 62]"
6,0,Ġpeople,"[14, 15, 21, 52, 53, 38]"
6,0,Ġcontact,"[7, 14, 24, 44, 52, 61]"
6,0,Ġyour,"[14, 15, 21, 36, 61, 24]"
6,0,Ġpeople,"[14, 15, 21, 53, 63, 29]"
6,0,Ġso,"[10, 12, 16, 18, 56, 24]"
6,0,Ġwe,"[15, 21, 26, 40, 56, 59]"
6,0,Ġcan,"[0, 10, 15, 40, 52, 32]"
6,0,Ġdraft,"[7, 14, 29, 44, 57, 38]"
6,0,Ġthe,"[7, 14, 36, 44, 46, 24]"
6,0,Ġnecessary,"[2, 8, 36, 52, 53, 46]"
6,0,Ġpaperwork,"[4, 14, 30, 44, 53, 29]"
6,0,Ġand,"[12, 18, 34, 46, 56, 22]"
6,0,Ġexped,"[4, 14, 31, 44, 53, 9]"
6,0,ite,"[7, 14, 30, 44, 61, 4]"
6,0,Ġthe,"[1, 7, 36, 44, 45, 23]"
6,0,Ġprocess,"[4, 14, 30, 31, 53, 2]"
6,0,.,"[12, 16, 18, 50, 56, 37]"
6,0,ĠWhen,"[0, 5, 19, 26, 49, 10]"
6,0,Ġdo,"[0, 5, 9, 52, 61, 19]"
6,0,Ġyou,"[1, 5, 21, 40, 52, 15]"
6,0,Ġthink,"[0, 5, 24, 25, 52, 26]"
6,0,Ġyour,"[5, 21, 36, 40, 52, 15]"
6,0,Ġcompany,"[14, 15, 21, 29, 63, 53]"
6,0,Ġwill,"[0, 15, 24, 52, 61, 25]"
6,0,Ġbe,"[0, 9, 39, 52, 61, 58]"
6,0,Ġable,"[11, 37, 46, 50, 56, 39]"
6,0,Ġto,"[0, 7, 10, 52, 61, 62]"
6,0,Ġstart,"[4, 7, 9, 14, 61, 52]"
6,0,Ġaccepting,"[4, 7, 14, 30, 61, 44]"
6,0,Ġorders,"[3, 4, 14, 29, 44, 61]"
6,0,Ġfrom,"[4, 14, 44, 49, 61, 7]"
6,0,Ġour,"[15, 21, 36, 49, 61, 27]"
6,0,Ġcompany,"[14, 15, 21, 29, 63, 20]"
6,0,?,"[12, 16, 18, 50, 56, 54]"
7,0,<｜begin▁of▁sentence｜>,"[28, 43, 44, 58, 62, 18]"
7,0,Fantastic,"[11, 29, 41, 46, 50, 38]"
7,0,!,"[8, 26, 33, 38, 41, 42]"
7,0,ĠI,"[8, 20, 26, 38, 41, 50]"
7,0,',"[16, 26, 38, 41, 50, 8]"
7,0,ll,"[20, 30, 33, 41, 48, 45]"
7,0,Ġhave,"[20, 30, 33, 45, 48, 63]"
7,0,Ġmy,"[4, 20, 33, 45, 48, 10]"
7,0,Ġpeople,"[20, 23, 33, 35, 47, 37]"
7,0,Ġcontact,"[4, 10, 20, 33, 54, 48]"
7,0,Ġyour,"[10, 20, 23, 33, 48, 52]"
7,0,Ġpeople,"[7, 23, 33, 35, 47, 53]"
7,0,Ġso,"[17, 21, 33, 38, 48, 42]"
7,0,Ġwe,"[20, 23, 33, 48, 62, 1]"
7,0,Ġcan,"[20, 31, 33, 45, 48, 30]"
7,0,Ġdraft,"[0, 10, 15, 47, 53, 45]"
7,0,Ġthe,"[0, 10, 20, 33, 48, 45]"
7,0,Ġnecessary,"[10, 14, 29, 45, 48, 57]"
7,0,Ġpaperwork,"[10, 47, 49, 53, 63, 57]"
7,0,Ġand,"[21, 32, 33, 38, 42, 17]"
7,0,Ġexped,"[0, 15, 29, 45, 57, 63]"
7,0,ite,"[0, 15, 45, 48, 57, 1]"
7,0,Ġthe,"[15, 22, 24, 48, 58, 18]"
7,0,Ġprocess,"[49, 53, 57, 59, 63, 1]"
7,0,.,"[17, 26, 38, 41, 42, 33]"
7,0,ĠWhen,"[20, 22, 25, 33, 36, 17]"
7,0,Ġdo,"[20, 22, 33, 36, 63, 45]"
7,0,Ġyou,"[20, 23, 33, 36, 63, 43]"
7,0,Ġthink,"[4, 33, 36, 37, 45, 20]"
7,0,Ġyour,"[20, 22, 33, 36, 45, 23]"
7,0,Ġcompany,"[1, 7, 23, 47, 53, 33]"
7,0,Ġwill,"[20, 22, 33, 36, 45, 30]"
7,0,Ġbe,"[18, 22, 30, 33, 45, 62]"
7,0,Ġable,"[26, 38, 41, 42, 53, 17]"
7,0,Ġto,"[18, 22, 33, 45, 48, 20]"
7,0,Ġstart,"[0, 1, 22, 45, 48, 33]"
7,0,Ġaccepting,"[0, 33, 45, 48, 53, 4]"
7,0,Ġorders,"[1, 2, 49, 53, 63, 59]"
7,0,Ġfrom,"[1, 2, 48, 52, 54, 0]"
7,0,Ġour,"[1, 20, 23, 33, 62, 34]"
7,0,Ġcompany,"[1, 7, 11, 23, 47, 53]"
7,0,?,"[26, 33, 38, 41, 42, 21]"
8,0,<｜begin▁of▁sentence｜>,"[2, 11, 30, 39, 54, 47]"
8,0,Fantastic,"[11, 33, 39, 40, 49, 53]"
8,0,!,"[3, 6, 33, 45, 46, 40]"
8,0,ĠI,"[33, 45, 46, 52, 62, 6]"
8,0,',"[6, 33, 45, 46, 55, 63]"
8,0,ll,"[2, 21, 33, 46, 62, 40]"
8,0,Ġhave,"[2, 35, 36, 46, 62, 43]"
8,0,Ġmy,"[2, 31, 35, 43, 62, 29]"
8,0,Ġpeople,"[15, 28, 38, 43, 62, 39]"
8,0,Ġcontact,"[2, 5, 29, 43, 62, 38]"
8,0,Ġyour,"[2, 17, 31, 48, 62, 40]"
8,0,Ġpeople,"[2, 15, 38, 48, 62, 28]"
8,0,Ġso,"[3, 10, 20, 43, 46, 21]"
8,0,Ġwe,"[21, 28, 35, 43, 62, 58]"
8,0,Ġcan,"[2, 21, 43, 54, 62, 35]"
8,0,Ġdraft,"[2, 15, 29, 37, 43, 5]"
8,0,Ġthe,"[2, 5, 31, 35, 43, 29]"
8,0,Ġnecessary,"[2, 5, 22, 31, 61, 37]"
8,0,Ġpaperwork,"[2, 4, 9, 43, 61, 37]"
8,0,Ġand,"[3, 10, 42, 43, 46, 12]"
8,0,Ġexped,"[2, 48, 53, 57, 61, 37]"
8,0,ite,"[2, 29, 42, 43, 48, 61]"
8,0,Ġthe,"[2, 31, 35, 43, 48, 37]"
8,0,Ġprocess,"[2, 4, 9, 43, 61, 37]"
8,0,.,"[3, 10, 20, 45, 46, 6]"
8,0,ĠWhen,"[17, 21, 27, 43, 46, 49]"
8,0,Ġdo,"[2, 17, 37, 43, 62, 21]"
8,0,Ġyou,"[2, 17, 21, 61, 62, 43]"
8,0,Ġthink,"[1, 17, 19, 21, 62, 5]"
8,0,Ġyour,"[17, 21, 31, 37, 62, 43]"
8,0,Ġcompany,"[15, 17, 24, 61, 62, 58]"
8,0,Ġwill,"[17, 19, 21, 37, 62, 43]"
8,0,Ġbe,"[17, 19, 21, 37, 43, 61]"
8,0,Ġable,"[15, 24, 33, 45, 61, 55]"
8,0,Ġto,"[17, 19, 21, 37, 43, 2]"
8,0,Ġstart,"[17, 24, 37, 43, 61, 5]"
8,0,Ġaccepting,"[2, 24, 29, 37, 61, 43]"
8,0,Ġorders,"[2, 9, 24, 37, 61, 43]"
8,0,Ġfrom,"[2, 5, 34, 37, 61, 29]"
8,0,Ġour,"[16, 17, 31, 58, 62, 61]"
8,0,Ġcompany,"[15, 28, 58, 61, 62, 2]"
8,0,?,"[3, 10, 17, 45, 46, 6]"
9,0,<｜begin▁of▁sentence｜>,"[12, 13, 22, 27, 31, 44]"
9,0,Fantastic,"[0, 13, 44, 45, 49, 53]"
9,0,!,"[25, 41, 45, 46, 53, 17]"
9,0,ĠI,"[23, 34, 41, 45, 46, 39]"
9,0,',"[17, 41, 45, 46, 53, 35]"
9,0,ll,"[17, 25, 39, 45, 46, 12]"
9,0,Ġhave,"[22, 25, 26, 42, 46, 40]"
9,0,Ġmy,"[21, 25, 36, 40, 47, 42]"
9,0,Ġpeople,"[25, 30, 31, 39, 60, 6]"
9,0,Ġcontact,"[21, 25, 36, 40, 42, 30]"
9,0,Ġyour,"[4, 25, 30, 39, 47, 18]"
9,0,Ġpeople,"[25, 30, 31, 39, 60, 6]"
9,0,Ġso,"[25, 35, 46, 48, 58, 40]"
9,0,Ġwe,"[4, 18, 25, 30, 39, 52]"
9,0,Ġcan,"[25, 39, 40, 52, 54, 21]"
9,0,Ġdraft,"[6, 21, 25, 36, 40, 43]"
9,0,Ġthe,"[21, 25, 40, 47, 62, 36]"
9,0,Ġnecessary,"[25, 28, 40, 47, 49, 37]"
9,0,Ġpaperwork,"[6, 9, 25, 40, 43, 60]"
9,0,Ġand,"[8, 25, 33, 48, 58, 35]"
9,0,Ġexped,"[6, 9, 40, 49, 62, 43]"
9,0,ite,"[21, 25, 36, 40, 54, 6]"
9,0,Ġthe,"[22, 25, 40, 47, 54, 34]"
9,0,Ġprocess,"[6, 9, 25, 31, 43, 40]"
9,0,.,"[25, 35, 46, 48, 58, 45]"
9,0,ĠWhen,"[5, 25, 45, 46, 57, 3]"
9,0,Ġdo,"[5, 25, 40, 45, 57, 26]"
9,0,Ġyou,"[4, 18, 25, 30, 39, 50]"
9,0,Ġthink,"[5, 25, 40, 56, 57, 42]"
9,0,Ġyour,"[18, 25, 30, 39, 57, 47]"
9,0,Ġcompany,"[4, 6, 25, 30, 60, 39]"
9,0,Ġwill,"[18, 25, 30, 39, 57, 40]"
9,0,Ġbe,"[5, 25, 32, 42, 57, 26]"
9,0,Ġable,"[6, 23, 25, 35, 45, 41]"
9,0,Ġto,"[5, 25, 40, 42, 57, 6]"
9,0,Ġstart,"[6, 25, 36, 43, 57, 21]"
9,0,Ġaccepting,"[6, 21, 25, 36, 40, 42]"
9,0,Ġorders,"[6, 25, 31, 43, 51, 60]"
9,0,Ġfrom,"[21, 25, 36, 40, 54, 55]"
9,0,Ġour,"[4, 25, 30, 39, 47, 55]"
9,0,Ġcompany,"[4, 6, 25, 30, 60, 31]"
9,0,?,"[25, 35, 41, 48, 58, 45]"
10,0,<｜begin▁of▁sentence｜>,"[2, 9, 13, 42, 47, 31]"
10,0,Fantastic,"[19, 27, 32, 41, 59, 33]"
10,0,!,"[0, 53, 55, 59, 60, 33]"
10,0,ĠI,"[0, 13, 55, 60, 61, 59]"
10,0,',"[19, 41, 55, 59, 60, 27]"
10,0,ll,"[0, 13, 33, 37, 40, 59]"
10,0,Ġhave,"[2, 13, 37, 40, 48, 43]"
10,0,Ġmy,"[37, 38, 40, 43, 54, 2]"
10,0,Ġpeople,"[14, 19, 34, 36, 47, 18]"
10,0,Ġcontact,"[2, 35, 37, 40, 56, 1]"
10,0,Ġyour,"[14, 38, 39, 47, 54, 36]"
10,0,Ġpeople,"[14, 19, 34, 36, 47, 20]"
10,0,Ġso,"[0, 11, 29, 51, 53, 19]"
10,0,Ġwe,"[14, 33, 36, 37, 48, 0]"
10,0,Ġcan,"[2, 36, 37, 40, 48, 56]"
10,0,Ġdraft,"[10, 35, 40, 52, 56, 2]"
10,0,Ġthe,"[4, 37, 38, 52, 56, 39]"
10,0,Ġnecessary,"[4, 38, 40, 48, 54, 56]"
10,0,Ġpaperwork,"[34, 35, 49, 56, 58, 10]"
10,0,Ġand,"[11, 29, 51, 53, 60, 55]"
10,0,Ġexped,"[7, 25, 32, 43, 48, 49]"
10,0,ite,"[3, 43, 48, 52, 56, 40]"
10,0,Ġthe,"[3, 38, 43, 48, 56, 52]"
10,0,Ġprocess,"[32, 34, 35, 49, 56, 58]"
10,0,.,"[11, 29, 53, 55, 60, 17]"
10,0,ĠWhen,"[0, 4, 26, 37, 43, 1]"
10,0,Ġdo,"[4, 21, 37, 40, 43, 2]"
10,0,Ġyou,"[4, 13, 14, 43, 47, 54]"
10,0,Ġthink,"[1, 4, 37, 40, 43, 21]"
10,0,Ġyour,"[4, 14, 38, 43, 54, 47]"
10,0,Ġcompany,"[14, 18, 19, 43, 49, 54]"
10,0,Ġwill,"[4, 21, 40, 43, 62, 48]"
10,0,Ġbe,"[2, 4, 43, 54, 62, 13]"
10,0,Ġable,"[15, 19, 43, 49, 55, 60]"
10,0,Ġto,"[4, 40, 43, 48, 62, 56]"
10,0,Ġstart,"[24, 40, 43, 52, 56, 36]"
10,0,Ġaccepting,"[33, 40, 43, 52, 56, 7]"
10,0,Ġorders,"[34, 35, 43, 49, 56, 7]"
10,0,Ġfrom,"[26, 36, 43, 52, 56, 7]"
10,0,Ġour,"[14, 26, 36, 38, 54, 18]"
10,0,Ġcompany,"[14, 18, 20, 36, 49, 34]"
10,0,?,"[17, 29, 43, 53, 60, 55]"
11,0,<｜begin▁of▁sentence｜>,"[10, 11, 17, 18, 27, 54]"
11,0,Fantastic,"[16, 40, 43, 56, 59, 49]"
11,0,!,"[8, 16, 35, 43, 54, 47]"
11,0,ĠI,"[6, 10, 17, 43, 54, 62]"
11,0,',"[4, 35, 40, 43, 47, 17]"
11,0,ll,"[6, 10, 41, 43, 54, 55]"
11,0,Ġhave,"[6, 10, 26, 41, 54, 15]"
11,0,Ġmy,"[20, 24, 41, 51, 54, 62]"
11,0,Ġpeople,"[1, 3, 13, 24, 26, 27]"
11,0,Ġcontact,"[19, 21, 24, 26, 54, 62]"
11,0,Ġyour,"[20, 24, 26, 27, 54, 1]"
11,0,Ġpeople,"[1, 13, 26, 27, 38, 24]"
11,0,Ġso,"[8, 26, 45, 46, 54, 1]"
11,0,Ġwe,"[6, 10, 22, 26, 45, 17]"
11,0,Ġcan,"[6, 24, 26, 39, 45, 54]"
11,0,Ġdraft,"[1, 21, 24, 26, 39, 54]"
11,0,Ġthe,"[20, 26, 39, 51, 54, 41]"
11,0,Ġnecessary,"[1, 24, 39, 54, 56, 26]"
11,0,Ġpaperwork,"[3, 13, 15, 24, 33, 26]"
11,0,Ġand,"[0, 4, 7, 8, 24, 54]"
11,0,Ġexped,"[18, 21, 26, 49, 56, 42]"
11,0,ite,"[21, 24, 39, 45, 56, 41]"
11,0,Ġthe,"[20, 24, 26, 41, 51, 39]"
11,0,Ġprocess,"[11, 13, 24, 33, 41, 15]"
11,0,.,"[1, 8, 35, 47, 54, 0]"
11,0,ĠWhen,"[24, 41, 46, 54, 57, 6]"
11,0,Ġdo,"[6, 16, 24, 41, 57, 26]"
11,0,Ġyou,"[6, 20, 24, 57, 61, 41]"
11,0,Ġthink,"[6, 22, 24, 41, 57, 21]"
11,0,Ġyour,"[20, 24, 41, 51, 57, 27]"
11,0,Ġcompany,"[13, 24, 27, 33, 62, 1]"
11,0,Ġwill,"[6, 24, 36, 41, 57, 62]"
11,0,Ġbe,"[6, 24, 36, 41, 57, 32]"
11,0,Ġable,"[1, 4, 15, 40, 62, 41]"
11,0,Ġto,"[6, 24, 36, 41, 57, 39]"
11,0,Ġstart,"[21, 24, 36, 39, 41, 62]"
11,0,Ġaccepting,"[21, 24, 36, 45, 62, 41]"
11,0,Ġorders,"[13, 24, 33, 41, 62, 29]"
11,0,Ġfrom,"[19, 24, 32, 50, 62, 45]"
11,0,Ġour,"[20, 24, 27, 32, 51, 62]"
11,0,Ġcompany,"[24, 27, 33, 52, 62, 13]"
11,0,?,"[0, 8, 16, 41, 57, 47]"
12,0,<｜begin▁of▁sentence｜>,"[4, 30, 37, 50, 59, 3]"
12,0,Fantastic,"[12, 29, 33, 41, 53, 61]"
12,0,!,"[30, 38, 41, 42, 47, 29]"
12,0,ĠI,"[5, 23, 37, 47, 62, 29]"
12,0,',"[16, 23, 29, 38, 41, 37]"
12,0,ll,"[3, 17, 20, 30, 44, 25]"
12,0,Ġhave,"[3, 17, 30, 34, 51, 26]"
12,0,Ġmy,"[30, 34, 47, 49, 51, 17]"
12,0,Ġpeople,"[4, 8, 25, 30, 32, 31]"
12,0,Ġcontact,"[0, 30, 34, 47, 49, 14]"
12,0,Ġyour,"[25, 30, 43, 47, 49, 57]"
12,0,Ġpeople,"[8, 25, 31, 32, 52, 30]"
12,0,Ġso,"[0, 7, 17, 30, 60, 49]"
12,0,Ġwe,"[4, 17, 21, 25, 59, 30]"
12,0,Ġcan,"[14, 17, 30, 34, 55, 0]"
12,0,Ġdraft,"[0, 14, 30, 34, 44, 16]"
12,0,Ġthe,"[13, 34, 44, 50, 53, 14]"
12,0,Ġnecessary,"[14, 30, 34, 44, 53, 33]"
12,0,Ġpaperwork,"[4, 18, 30, 44, 52, 32]"
12,0,Ġand,"[7, 9, 17, 30, 44, 37]"
12,0,Ġexped,"[3, 26, 33, 34, 62, 9]"
12,0,ite,"[6, 9, 14, 30, 34, 33]"
12,0,Ġthe,"[9, 14, 34, 50, 53, 13]"
12,0,Ġprocess,"[1, 4, 16, 18, 52, 62]"
12,0,.,"[7, 16, 30, 38, 48, 29]"
12,0,ĠWhen,"[3, 20, 21, 30, 54, 2]"
12,0,Ġdo,"[3, 17, 30, 54, 56, 60]"
12,0,Ġyou,"[17, 21, 25, 30, 59, 54]"
12,0,Ġthink,"[0, 6, 17, 30, 54, 26]"
12,0,Ġyour,"[21, 25, 30, 49, 54, 13]"
12,0,Ġcompany,"[16, 21, 25, 31, 52, 22]"
12,0,Ġwill,"[17, 25, 30, 54, 60, 21]"
12,0,Ġbe,"[17, 21, 25, 30, 54, 59]"
12,0,Ġable,"[13, 14, 16, 41, 49, 38]"
12,0,Ġto,"[14, 17, 30, 55, 60, 54]"
12,0,Ġstart,"[14, 16, 17, 34, 60, 3]"
12,0,Ġaccepting,"[14, 30, 34, 51, 55, 49]"
12,0,Ġorders,"[3, 16, 18, 52, 62, 11]"
12,0,Ġfrom,"[14, 30, 43, 49, 57, 55]"
12,0,Ġour,"[14, 25, 31, 43, 49, 11]"
12,0,Ġcompany,"[11, 16, 25, 31, 52, 22]"
12,0,?,"[7, 30, 38, 42, 54, 48]"
13,0,<｜begin▁of▁sentence｜>,"[11, 24, 34, 36, 47, 58]"
13,0,Fantastic,"[0, 6, 10, 22, 23, 63]"
13,0,!,"[1, 6, 21, 29, 33, 10]"
13,0,ĠI,"[6, 29, 42, 44, 58, 60]"
13,0,',"[6, 29, 33, 44, 58, 14]"
13,0,ll,"[6, 8, 14, 44, 57, 58]"
13,0,Ġhave,"[6, 8, 14, 17, 42, 47]"
13,0,Ġmy,"[6, 8, 20, 32, 49, 52]"
13,0,Ġpeople,"[8, 28, 36, 51, 57, 52]"
13,0,Ġcontact,"[8, 11, 20, 23, 51, 30]"
13,0,Ġyour,"[8, 20, 25, 30, 32, 55]"
13,0,Ġpeople,"[30, 42, 55, 59, 62, 8]"
13,0,Ġso,"[8, 21, 30, 31, 40, 51]"
13,0,Ġwe,"[2, 8, 34, 42, 60, 9]"
13,0,Ġcan,"[8, 28, 30, 34, 51, 49]"
13,0,Ġdraft,"[28, 38, 51, 56, 57, 11]"
13,0,Ġthe,"[11, 32, 38, 51, 56, 49]"
13,0,Ġnecessary,"[38, 47, 49, 51, 56, 11]"
13,0,Ġpaperwork,"[11, 55, 56, 59, 62, 47]"
13,0,Ġand,"[8, 21, 34, 49, 51, 11]"
13,0,Ġexped,"[15, 45, 48, 56, 58, 9]"
13,0,ite,"[0, 8, 38, 49, 51, 47]"
13,0,Ġthe,"[0, 22, 32, 49, 51, 25]"
13,0,Ġprocess,"[36, 47, 53, 56, 62, 55]"
13,0,.,"[6, 21, 29, 33, 43, 40]"
13,0,ĠWhen,"[8, 12, 40, 41, 52, 51]"
13,0,Ġdo,"[8, 27, 51, 52, 60, 56]"
13,0,Ġyou,"[8, 25, 42, 51, 52, 2]"
13,0,Ġthink,"[8, 27, 41, 51, 60, 47]"
13,0,Ġyour,"[8, 25, 32, 51, 52, 28]"
13,0,Ġcompany,"[8, 28, 42, 51, 60, 4]"
13,0,Ġwill,"[2, 8, 51, 52, 54, 60]"
13,0,Ġbe,"[2, 8, 27, 51, 52, 28]"
13,0,Ġable,"[6, 8, 28, 51, 56, 49]"
13,0,Ġto,"[4, 8, 28, 34, 51, 2]"
13,0,Ġstart,"[4, 8, 28, 49, 51, 2]"
13,0,Ġaccepting,"[4, 8, 28, 38, 51, 20]"
13,0,Ġorders,"[4, 28, 51, 55, 62, 26]"
13,0,Ġfrom,"[4, 7, 20, 32, 51, 28]"
13,0,Ġour,"[4, 20, 22, 32, 51, 16]"
13,0,Ġcompany,"[4, 28, 51, 55, 56, 62]"
13,0,?,"[10, 21, 29, 33, 54, 41]"
14,0,<｜begin▁of▁sentence｜>,"[5, 7, 23, 27, 51, 24]"
14,0,Fantastic,"[32, 46, 47, 48, 59, 27]"
14,0,!,"[4, 5, 9, 11, 28, 51]"
14,0,ĠI,"[5, 12, 21, 31, 39, 18]"
14,0,',"[0, 7, 9, 28, 33, 15]"
14,0,ll,"[5, 12, 21, 39, 40, 9]"
14,0,Ġhave,"[10, 12, 40, 52, 54, 21]"
14,0,Ġmy,"[10, 12, 17, 40, 54, 32]"
14,0,Ġpeople,"[5, 10, 12, 39, 42, 54]"
14,0,Ġcontact,"[10, 12, 20, 29, 40, 63]"
14,0,Ġyour,"[5, 10, 17, 32, 42, 40]"
14,0,Ġpeople,"[5, 8, 10, 37, 42, 31]"
14,0,Ġso,"[1, 4, 10, 12, 40, 18]"
14,0,Ġwe,"[1, 3, 5, 12, 18, 39]"
14,0,Ġcan,"[1, 5, 10, 12, 21, 40]"
14,0,Ġdraft,"[10, 12, 20, 29, 35, 1]"
14,0,Ġthe,"[1, 20, 29, 35, 40, 3]"
14,0,Ġnecessary,"[6, 10, 18, 48, 60, 14]"
14,0,Ġpaperwork,"[5, 8, 23, 38, 55, 10]"
14,0,Ġand,"[1, 4, 10, 12, 40, 41]"
14,0,Ġexped,"[0, 19, 23, 48, 61, 18]"
14,0,ite,"[1, 20, 29, 35, 40, 10]"
14,0,Ġthe,"[1, 3, 20, 29, 40, 5]"
14,0,Ġprocess,"[5, 8, 20, 23, 38, 35]"
14,0,.,"[4, 5, 9, 25, 45, 59]"
14,0,ĠWhen,"[5, 12, 13, 40, 41, 45]"
14,0,Ġdo,"[5, 12, 13, 40, 41, 61]"
14,0,Ġyou,"[12, 13, 21, 39, 41, 5]"
14,0,Ġthink,"[12, 24, 40, 41, 60, 13]"
14,0,Ġyour,"[10, 17, 39, 40, 41, 12]"
14,0,Ġcompany,"[10, 31, 37, 39, 41, 44]"
14,0,Ġwill,"[1, 12, 39, 40, 41, 10]"
14,0,Ġbe,"[12, 39, 40, 41, 62, 10]"
14,0,Ġable,"[1, 3, 10, 44, 57, 17]"
14,0,Ġto,"[1, 12, 39, 41, 44, 10]"
14,0,Ġstart,"[1, 20, 29, 41, 44, 12]"
14,0,Ġaccepting,"[6, 12, 29, 35, 40, 1]"
14,0,Ġorders,"[8, 20, 38, 40, 42, 35]"
14,0,Ġfrom,"[3, 10, 29, 40, 44, 63]"
14,0,Ġour,"[17, 32, 40, 42, 44, 10]"
14,0,Ġcompany,"[8, 37, 40, 42, 44, 45]"
14,0,?,"[4, 5, 9, 25, 30, 15]"
15,0,<｜begin▁of▁sentence｜>,"[5, 14, 48, 52, 55, 36]"
15,0,Fantastic,"[11, 20, 46, 52, 57, 40]"
15,0,!,"[0, 8, 28, 50, 63, 6]"
15,0,ĠI,"[8, 17, 45, 53, 63, 41]"
15,0,',"[0, 5, 6, 16, 24, 17]"
15,0,ll,"[8, 13, 45, 53, 62, 52]"
15,0,Ġhave,"[3, 8, 14, 45, 53, 0]"
15,0,Ġmy,"[3, 8, 29, 31, 46, 18]"
15,0,Ġpeople,"[8, 12, 43, 45, 62, 37]"
15,0,Ġcontact,"[8, 18, 21, 29, 30, 3]"
15,0,Ġyour,"[8, 12, 29, 30, 46, 3]"
15,0,Ġpeople,"[8, 12, 27, 36, 43, 31]"
15,0,Ġso,"[8, 13, 17, 54, 60, 57]"
15,0,Ġwe,"[8, 12, 13, 45, 62, 54]"
15,0,Ġcan,"[13, 29, 45, 60, 62, 8]"
15,0,Ġdraft,"[1, 21, 25, 29, 56, 8]"
15,0,Ġthe,"[1, 20, 29, 46, 56, 18]"
15,0,Ġnecessary,"[29, 30, 46, 56, 57, 26]"
15,0,Ġpaperwork,"[8, 25, 27, 29, 31, 26]"
15,0,Ġand,"[8, 13, 29, 34, 62, 60]"
15,0,Ġexped,"[1, 11, 30, 40, 57, 41]"
15,0,ite,"[1, 21, 29, 57, 60, 8]"
15,0,Ġthe,"[1, 29, 34, 46, 60, 57]"
15,0,Ġprocess,"[5, 11, 27, 37, 42, 14]"
15,0,.,"[0, 8, 13, 16, 63, 50]"
15,0,ĠWhen,"[8, 15, 52, 53, 60, 14]"
15,0,Ġdo,"[8, 37, 45, 53, 60, 29]"
15,0,Ġyou,"[8, 12, 45, 53, 62, 60]"
15,0,Ġthink,"[8, 37, 39, 45, 60, 14]"
15,0,Ġyour,"[3, 29, 45, 46, 60, 8]"
15,0,Ġcompany,"[12, 36, 43, 45, 62, 60]"
15,0,Ġwill,"[12, 45, 53, 60, 62, 29]"
15,0,Ġbe,"[31, 45, 53, 60, 62, 12]"
15,0,Ġable,"[6, 7, 29, 54, 57, 24]"
15,0,Ġto,"[29, 45, 53, 60, 62, 12]"
15,0,Ġstart,"[1, 7, 29, 60, 62, 31]"
15,0,Ġaccepting,"[1, 8, 21, 29, 60, 18]"
15,0,Ġorders,"[25, 27, 31, 43, 44, 37]"
15,0,Ġfrom,"[2, 8, 21, 23, 29, 52]"
15,0,Ġour,"[2, 12, 29, 36, 46, 18]"
15,0,Ġcompany,"[12, 27, 36, 39, 43, 37]"
15,0,?,"[0, 8, 14, 50, 63, 16]"
16,0,<｜begin▁of▁sentence｜>,"[9, 13, 26, 33, 63, 49]"
16,0,Fantastic,"[1, 30, 40, 47, 60, 61]"
16,0,!,"[10, 17, 24, 33, 38, 46]"
16,0,ĠI,"[19, 26, 33, 41, 49, 11]"
16,0,',"[15, 16, 17, 24, 41, 9]"
16,0,ll,"[10, 34, 41, 60, 62, 50]"
16,0,Ġhave,"[3, 23, 33, 34, 41, 16]"
16,0,Ġmy,"[1, 23, 34, 52, 58, 6]"
16,0,Ġpeople,"[25, 26, 34, 41, 45, 30]"
16,0,Ġcontact,"[23, 34, 47, 48, 52, 57]"
16,0,Ġyour,"[30, 50, 52, 57, 58, 25]"
16,0,Ġpeople,"[25, 26, 34, 56, 57, 20]"
16,0,Ġso,"[23, 24, 34, 39, 49, 7]"
16,0,Ġwe,"[34, 39, 41, 49, 57, 11]"
16,0,Ġcan,"[11, 34, 39, 57, 62, 50]"
16,0,Ġdraft,"[1, 23, 34, 51, 52, 57]"
16,0,Ġthe,"[1, 23, 34, 52, 58, 57]"
16,0,Ġnecessary,"[1, 3, 34, 47, 52, 10]"
16,0,Ġpaperwork,"[25, 26, 34, 51, 56, 7]"
16,0,Ġand,"[33, 34, 39, 51, 52, 57]"
16,0,Ġexped,"[6, 9, 16, 47, 53, 34]"
16,0,ite,"[23, 34, 35, 47, 52, 4]"
16,0,Ġthe,"[1, 23, 34, 52, 58, 35]"
16,0,Ġprocess,"[7, 13, 26, 28, 56, 33]"
16,0,.,"[17, 24, 38, 41, 60, 34]"
16,0,ĠWhen,"[7, 12, 34, 36, 62, 59]"
16,0,Ġdo,"[3, 7, 34, 36, 62, 53]"
16,0,Ġyou,"[3, 11, 34, 49, 62, 13]"
16,0,Ġthink,"[3, 7, 34, 36, 62, 12]"
16,0,Ġyour,"[1, 27, 34, 36, 58, 12]"
16,0,Ġcompany,"[12, 20, 34, 45, 54, 52]"
16,0,Ġwill,"[0, 12, 34, 52, 62, 11]"
16,0,Ġbe,"[0, 12, 34, 43, 52, 26]"
16,0,Ġable,"[13, 15, 16, 52, 61, 57]"
16,0,Ġto,"[11, 34, 39, 52, 62, 3]"
16,0,Ġstart,"[23, 34, 35, 43, 52, 37]"
16,0,Ġaccepting,"[23, 29, 34, 47, 52, 37]"
16,0,Ġorders,"[7, 25, 26, 28, 56, 34]"
16,0,Ġfrom,"[23, 29, 31, 35, 52, 34]"
16,0,Ġour,"[6, 29, 52, 57, 58, 23]"
16,0,Ġcompany,"[25, 26, 56, 57, 60, 34]"
16,0,?,"[16, 17, 24, 37, 38, 41]"
17,0,<｜begin▁of▁sentence｜>,"[0, 11, 18, 26, 43, 41]"
17,0,Fantastic,"[9, 36, 41, 45, 51, 34]"
17,0,!,"[2, 40, 42, 52, 55, 26]"
17,0,ĠI,"[8, 18, 20, 26, 41, 27]"
17,0,',"[1, 26, 29, 40, 62, 41]"
17,0,ll,"[4, 8, 33, 44, 56, 18]"
17,0,Ġhave,"[32, 39, 41, 44, 56, 26]"
17,0,Ġmy,"[16, 34, 36, 39, 60, 43]"
17,0,Ġpeople,"[8, 33, 48, 56, 58, 4]"
17,0,Ġcontact,"[4, 15, 31, 53, 60, 30]"
17,0,Ġyour,"[16, 31, 34, 36, 43, 60]"
17,0,Ġpeople,"[7, 13, 24, 47, 48, 58]"
17,0,Ġso,"[4, 28, 31, 44, 52, 60]"
17,0,Ġwe,"[4, 8, 33, 44, 56, 28]"
17,0,Ġcan,"[4, 8, 33, 44, 56, 14]"
17,0,Ġdraft,"[12, 22, 30, 36, 39, 53]"
17,0,Ġthe,"[12, 22, 34, 36, 39, 16]"
17,0,Ġnecessary,"[12, 34, 35, 37, 39, 36]"
17,0,Ġpaperwork,"[7, 24, 27, 47, 58, 50]"
17,0,Ġand,"[4, 36, 37, 52, 56, 44]"
17,0,Ġexped,"[23, 26, 30, 38, 62, 2]"
17,0,ite,"[11, 22, 24, 28, 39, 14]"
17,0,Ġthe,"[11, 16, 22, 34, 36, 39]"
17,0,Ġprocess,"[1, 7, 24, 47, 50, 18]"
17,0,.,"[25, 40, 42, 52, 55, 23]"
17,0,ĠWhen,"[5, 8, 31, 52, 61, 20]"
17,0,Ġdo,"[5, 8, 28, 38, 52, 33]"
17,0,Ġyou,"[4, 5, 8, 14, 33, 49]"
17,0,Ġthink,"[5, 11, 30, 33, 52, 60]"
17,0,Ġyour,"[8, 16, 34, 36, 60, 43]"
17,0,Ġcompany,"[8, 14, 33, 50, 58, 45]"
17,0,Ġwill,"[4, 8, 14, 33, 44, 5]"
17,0,Ġbe,"[4, 8, 14, 23, 33, 19]"
17,0,Ġable,"[12, 26, 27, 32, 41, 49]"
17,0,Ġto,"[4, 5, 8, 33, 44, 56]"
17,0,Ġstart,"[4, 5, 14, 33, 56, 30]"
17,0,Ġaccepting,"[4, 11, 22, 39, 43, 60]"
17,0,Ġorders,"[7, 27, 47, 48, 58, 9]"
17,0,Ġfrom,"[11, 15, 31, 53, 60, 4]"
17,0,Ġour,"[16, 18, 32, 34, 53, 2]"
17,0,Ġcompany,"[7, 45, 47, 50, 58, 9]"
17,0,?,"[25, 40, 42, 52, 55, 62]"
18,0,<｜begin▁of▁sentence｜>,"[2, 5, 39, 56, 61, 49]"
18,0,Fantastic,"[0, 3, 10, 32, 58, 14]"
18,0,!,"[0, 18, 46, 51, 53, 57]"
18,0,ĠI,"[0, 1, 36, 45, 56, 39]"
18,0,',"[18, 30, 42, 46, 59, 40]"
18,0,ll,"[20, 21, 29, 31, 45, 58]"
18,0,Ġhave,"[30, 39, 42, 47, 56, 36]"
18,0,Ġmy,"[28, 37, 38, 47, 62, 55]"
18,0,Ġpeople,"[5, 19, 29, 35, 45, 11]"
18,0,Ġcontact,"[0, 5, 7, 14, 18, 55]"
18,0,Ġyour,"[0, 5, 10, 11, 28, 62]"
18,0,Ġpeople,"[0, 5, 11, 35, 60, 39]"
18,0,Ġso,"[0, 21, 25, 26, 60, 51]"
18,0,Ġwe,"[0, 21, 29, 35, 45, 1]"
18,0,Ġcan,"[0, 20, 21, 29, 45, 4]"
18,0,Ġdraft,"[4, 7, 43, 47, 55, 14]"
18,0,Ġthe,"[4, 27, 39, 43, 55, 47]"
18,0,Ġnecessary,"[3, 4, 17, 28, 43, 10]"
18,0,Ġpaperwork,"[5, 7, 14, 16, 44, 35]"
18,0,Ġand,"[17, 20, 29, 43, 45, 12]"
18,0,Ġexped,"[14, 36, 56, 58, 59, 2]"
18,0,ite,"[4, 7, 39, 43, 47, 41]"
18,0,Ġthe,"[4, 27, 36, 43, 62, 17]"
18,0,Ġprocess,"[5, 7, 16, 19, 39, 44]"
18,0,.,"[30, 40, 46, 51, 57, 56]"
18,0,ĠWhen,"[0, 20, 24, 41, 45, 48]"
18,0,Ġdo,"[0, 24, 26, 39, 41, 13]"
18,0,Ġyou,"[11, 20, 24, 29, 45, 0]"
18,0,Ġthink,"[0, 13, 24, 54, 55, 19]"
18,0,Ġyour,"[4, 24, 28, 38, 62, 27]"
18,0,Ġcompany,"[10, 20, 24, 45, 60, 6]"
18,0,Ġwill,"[20, 29, 41, 45, 60, 24]"
18,0,Ġbe,"[4, 20, 24, 29, 45, 13]"
18,0,Ġable,"[30, 36, 42, 44, 59, 12]"
18,0,Ġto,"[4, 20, 29, 45, 60, 41]"
18,0,Ġstart,"[4, 7, 13, 20, 29, 47]"
18,0,Ġaccepting,"[4, 7, 43, 47, 55, 54]"
18,0,Ġorders,"[5, 7, 13, 19, 55, 60]"
18,0,Ġfrom,"[4, 18, 23, 31, 42, 47]"
18,0,Ġour,"[4, 10, 27, 28, 61, 11]"
18,0,Ġcompany,"[10, 11, 13, 49, 60, 50]"
18,0,?,"[30, 46, 51, 52, 57, 35]"
19,0,<｜begin▁of▁sentence｜>,"[5, 6, 23, 44, 54, 40]"
19,0,Fantastic,"[2, 39, 53, 55, 63, 7]"
19,0,!,"[30, 37, 47, 53, 61, 14]"
19,0,ĠI,"[6, 28, 40, 42, 52, 53]"
19,0,',"[24, 37, 41, 47, 61, 43]"
19,0,ll,"[0, 17, 28, 51, 52, 23]"
19,0,Ġhave,"[0, 21, 23, 37, 43, 56]"
19,0,Ġmy,"[7, 17, 25, 51, 55, 43]"
19,0,Ġpeople,"[28, 49, 52, 53, 56, 51]"
19,0,Ġcontact,"[9, 13, 20, 21, 56, 37]"
19,0,Ġyour,"[7, 25, 36, 55, 56, 43]"
19,0,Ġpeople,"[5, 12, 20, 40, 57, 13]"
19,0,Ġso,"[12, 47, 56, 61, 63, 5]"
19,0,Ġwe,"[5, 23, 28, 49, 52, 56]"
19,0,Ġcan,"[5, 28, 51, 52, 56, 23]"
19,0,Ġdraft,"[4, 20, 21, 33, 55, 56]"
19,0,Ġthe,"[7, 25, 33, 51, 55, 4]"
19,0,Ġnecessary,"[7, 25, 33, 51, 55, 4]"
19,0,Ġpaperwork,"[5, 8, 12, 20, 57, 13]"
19,0,Ġand,"[3, 23, 51, 52, 56, 55]"
19,0,Ġexped,"[6, 16, 24, 27, 43, 51]"
19,0,ite,"[20, 21, 33, 51, 56, 11]"
19,0,Ġthe,"[25, 33, 51, 52, 55, 7]"
19,0,Ġprocess,"[5, 8, 20, 27, 57, 40]"
19,0,.,"[14, 24, 30, 47, 61, 43]"
19,0,ĠWhen,"[38, 49, 51, 53, 56, 28]"
19,0,Ġdo,"[28, 29, 51, 53, 56, 0]"
19,0,Ġyou,"[28, 29, 49, 51, 52, 0]"
19,0,Ġthink,"[5, 21, 29, 56, 63, 4]"
19,0,Ġyour,"[7, 25, 29, 51, 55, 56]"
19,0,Ġcompany,"[28, 38, 49, 51, 52, 40]"
19,0,Ġwill,"[28, 42, 49, 51, 52, 15]"
19,0,Ġbe,"[28, 45, 51, 52, 56, 15]"
19,0,Ġable,"[5, 11, 23, 24, 48, 40]"
19,0,Ġto,"[28, 29, 48, 51, 52, 36]"
19,0,Ġstart,"[20, 21, 44, 51, 52, 33]"
19,0,Ġaccepting,"[4, 21, 33, 51, 56, 59]"
19,0,Ġorders,"[8, 20, 44, 57, 59, 36]"
19,0,Ġfrom,"[21, 33, 53, 56, 60, 59]"
19,0,Ġour,"[7, 19, 25, 35, 55, 51]"
19,0,Ġcompany,"[20, 35, 40, 44, 57, 2]"
19,0,?,"[14, 24, 47, 53, 61, 30]"
20,0,<｜begin▁of▁sentence｜>,"[1, 20, 26, 36, 38, 57]"
20,0,Fantastic,"[7, 13, 41, 46, 57, 27]"
20,0,!,"[7, 22, 25, 42, 44, 50]"
20,0,ĠI,"[15, 20, 24, 48, 60, 7]"
20,0,',"[7, 15, 43, 44, 50, 30]"
20,0,ll,"[7, 20, 24, 48, 49, 15]"
20,0,Ġhave,"[3, 38, 48, 58, 61, 20]"
20,0,Ġmy,"[7, 11, 17, 35, 46, 15]"
20,0,Ġpeople,"[1, 4, 20, 24, 57, 55]"
20,0,Ġcontact,"[4, 14, 28, 53, 59, 58]"
20,0,Ġyour,"[4, 11, 17, 46, 53, 35]"
20,0,Ġpeople,"[3, 4, 21, 55, 57, 37]"
20,0,Ġso,"[3, 25, 42, 45, 58, 4]"
20,0,Ġwe,"[3, 4, 20, 24, 49, 33]"
20,0,Ġcan,"[3, 4, 11, 24, 63, 28]"
20,0,Ġdraft,"[4, 11, 13, 40, 59, 46]"
20,0,Ġthe,"[11, 12, 17, 33, 46, 4]"
20,0,Ġnecessary,"[3, 4, 11, 17, 46, 27]"
20,0,Ġpaperwork,"[3, 4, 21, 55, 57, 44]"
20,0,Ġand,"[4, 9, 11, 37, 46, 63]"
20,0,Ġexped,"[13, 39, 43, 58, 60, 61]"
20,0,ite,"[11, 46, 57, 58, 59, 3]"
20,0,Ġthe,"[4, 11, 17, 33, 46, 29]"
20,0,Ġprocess,"[3, 4, 55, 56, 57, 29]"
20,0,.,"[4, 7, 22, 25, 44, 29]"
20,0,ĠWhen,"[4, 5, 24, 25, 42, 7]"
20,0,Ġdo,"[4, 5, 36, 42, 58, 39]"
20,0,Ġyou,"[4, 5, 20, 24, 46, 37]"
20,0,Ġthink,"[4, 5, 42, 45, 61, 58]"
20,0,Ġyour,"[4, 11, 17, 35, 46, 5]"
20,0,Ġcompany,"[5, 24, 41, 47, 61, 4]"
20,0,Ġwill,"[5, 11, 24, 47, 49, 26]"
20,0,Ġbe,"[5, 11, 35, 45, 46, 26]"
20,0,Ġable,"[3, 33, 43, 48, 49, 34]"
20,0,Ġto,"[5, 11, 28, 46, 63, 24]"
20,0,Ġstart,"[5, 11, 46, 59, 63, 51]"
20,0,Ġaccepting,"[5, 11, 46, 59, 63, 4]"
20,0,Ġorders,"[4, 5, 21, 56, 57, 55]"
20,0,Ġfrom,"[5, 11, 19, 28, 63, 59]"
20,0,Ġour,"[4, 11, 17, 41, 46, 63]"
20,0,Ġcompany,"[4, 5, 21, 23, 57, 37]"
20,0,?,"[4, 5, 7, 25, 44, 22]"
21,0,<｜begin▁of▁sentence｜>,"[16, 19, 21, 53, 54, 28]"
21,0,Fantastic,"[10, 15, 21, 46, 56, 2]"
21,0,!,"[12, 28, 48, 51, 55, 17]"
21,0,ĠI,"[15, 24, 28, 39, 51, 17]"
21,0,',"[1, 4, 8, 34, 42, 16]"
21,0,ll,"[24, 28, 39, 51, 54, 2]"
21,0,Ġhave,"[5, 13, 33, 47, 50, 39]"
21,0,Ġmy,"[5, 25, 46, 53, 54, 31]"
21,0,Ġpeople,"[24, 29, 38, 53, 54, 60]"
21,0,Ġcontact,"[13, 30, 33, 53, 54, 19]"
21,0,Ġyour,"[13, 32, 46, 53, 60, 55]"
21,0,Ġpeople,"[22, 23, 53, 58, 60, 13]"
21,0,Ġso,"[5, 9, 33, 53, 58, 21]"
21,0,Ġwe,"[24, 51, 53, 54, 58, 56]"
21,0,Ġcan,"[24, 36, 53, 54, 58, 15]"
21,0,Ġdraft,"[46, 47, 50, 53, 57, 23]"
21,0,Ġthe,"[14, 32, 46, 50, 57, 25]"
21,0,Ġnecessary,"[32, 46, 50, 53, 57, 2]"
21,0,Ġpaperwork,"[4, 16, 22, 51, 53, 13]"
21,0,Ġand,"[9, 24, 46, 50, 53, 58]"
21,0,Ġexped,"[2, 10, 17, 21, 56, 59]"
21,0,ite,"[23, 33, 47, 50, 53, 57]"
21,0,Ġthe,"[14, 32, 46, 50, 53, 54]"
21,0,Ġprocess,"[2, 22, 51, 53, 56, 33]"
21,0,.,"[30, 48, 51, 53, 59, 25]"
21,0,ĠWhen,"[5, 8, 9, 33, 53, 24]"
21,0,Ġdo,"[7, 11, 19, 33, 53, 60]"
21,0,Ġyou,"[4, 24, 51, 53, 60, 39]"
21,0,Ġthink,"[1, 5, 9, 33, 53, 25]"
21,0,Ġyour,"[25, 28, 46, 53, 61, 11]"
21,0,Ġcompany,"[11, 24, 28, 38, 53, 4]"
21,0,Ġwill,"[11, 24, 28, 40, 53, 45]"
21,0,Ġbe,"[20, 24, 29, 47, 53, 25]"
21,0,Ġable,"[6, 8, 16, 28, 31, 33]"
21,0,Ġto,"[11, 24, 31, 53, 54, 40]"
21,0,Ġstart,"[24, 29, 50, 53, 54, 47]"
21,0,Ġaccepting,"[31, 50, 53, 57, 61, 46]"
21,0,Ġorders,"[22, 29, 31, 33, 53, 6]"
21,0,Ġfrom,"[12, 30, 57, 61, 63, 53]"
21,0,Ġour,"[31, 32, 46, 53, 57, 61]"
21,0,Ġcompany,"[6, 22, 52, 53, 60, 51]"
21,0,?,"[12, 48, 51, 53, 59, 25]"
22,0,<｜begin▁of▁sentence｜>,"[0, 3, 5, 8, 55, 11]"
22,0,Fantastic,"[8, 17, 34, 44, 49, 39]"
22,0,!,"[8, 21, 40, 55, 60, 61]"
22,0,ĠI,"[27, 38, 42, 45, 63, 32]"
22,0,',"[8, 11, 17, 50, 60, 29]"
22,0,ll,"[36, 38, 40, 52, 59, 63]"
22,0,Ġhave,"[14, 30, 32, 37, 45, 52]"
22,0,Ġmy,"[7, 25, 34, 52, 54, 10]"
22,0,Ġpeople,"[36, 38, 42, 59, 61, 40]"
22,0,Ġcontact,"[17, 19, 48, 50, 61, 32]"
22,0,Ġyour,"[24, 25, 48, 54, 61, 19]"
22,0,Ġpeople,"[12, 16, 47, 51, 61, 15]"
22,0,Ġso,"[18, 27, 40, 54, 61, 3]"
22,0,Ġwe,"[27, 30, 38, 42, 59, 45]"
22,0,Ġcan,"[36, 38, 40, 59, 61, 50]"
22,0,Ġdraft,"[13, 18, 28, 34, 47, 61]"
22,0,Ġthe,"[10, 13, 34, 41, 47, 52]"
22,0,Ġnecessary,"[4, 10, 13, 34, 47, 25]"
22,0,Ġpaperwork,"[12, 16, 47, 58, 61, 45]"
22,0,Ġand,"[34, 36, 38, 40, 59, 47]"
22,0,Ġexped,"[1, 3, 11, 17, 49, 6]"
22,0,ite,"[18, 45, 47, 50, 61, 63]"
22,0,Ġthe,"[10, 13, 34, 41, 61, 4]"
22,0,Ġprocess,"[12, 16, 47, 51, 61, 35]"
22,0,.,"[21, 40, 55, 60, 61, 8]"
22,0,ĠWhen,"[31, 38, 42, 56, 61, 27]"
22,0,Ġdo,"[3, 25, 45, 48, 63, 54]"
22,0,Ġyou,"[25, 36, 38, 42, 59, 61]"
22,0,Ġthink,"[1, 18, 46, 54, 56, 19]"
22,0,Ġyour,"[1, 4, 13, 25, 54, 10]"
22,0,Ġcompany,"[27, 38, 42, 56, 59, 54]"
22,0,Ġwill,"[36, 38, 54, 59, 63, 1]"
22,0,Ġbe,"[31, 36, 38, 47, 59, 1]"
22,0,Ġable,"[11, 30, 32, 46, 54, 29]"
22,0,Ġto,"[26, 36, 38, 59, 61, 22]"
22,0,Ġstart,"[16, 36, 38, 59, 61, 12]"
22,0,Ġaccepting,"[10, 18, 28, 43, 61, 25]"
22,0,Ġorders,"[12, 16, 47, 51, 61, 15]"
22,0,Ġfrom,"[25, 28, 33, 48, 57, 44]"
22,0,Ġour,"[10, 24, 25, 48, 57, 1]"
22,0,Ġcompany,"[12, 16, 27, 47, 61, 1]"
22,0,?,"[9, 21, 40, 60, 61, 50]"
23,0,<｜begin▁of▁sentence｜>,"[0, 3, 5, 45, 47, 16]"
23,0,Fantastic,"[36, 41, 46, 59, 62, 47]"
23,0,!,"[6, 38, 40, 46, 57, 42]"
23,0,ĠI,"[0, 8, 11, 29, 48, 37]"
23,0,',"[9, 11, 22, 23, 30, 34]"
23,0,ll,"[8, 11, 29, 44, 51, 50]"
23,0,Ġhave,"[2, 13, 17, 30, 39, 11]"
23,0,Ġmy,"[22, 41, 50, 51, 56, 19]"
23,0,Ġpeople,"[8, 28, 29, 44, 51, 48]"
23,0,Ġcontact,"[2, 9, 17, 30, 42, 11]"
23,0,Ġyour,"[0, 22, 41, 51, 56, 31]"
23,0,Ġpeople,"[10, 18, 24, 28, 36, 9]"
23,0,Ġso,"[3, 6, 9, 39, 61, 34]"
23,0,Ġwe,"[0, 8, 29, 44, 48, 11]"
23,0,Ġcan,"[0, 8, 29, 44, 51, 26]"
23,0,Ġdraft,"[14, 17, 26, 31, 51, 19]"
23,0,Ġthe,"[22, 26, 31, 41, 51, 50]"
23,0,Ġnecessary,"[26, 31, 36, 41, 51, 50]"
23,0,Ġpaperwork,"[10, 11, 18, 27, 36, 9]"
23,0,Ġand,"[8, 29, 44, 51, 61, 26]"
23,0,Ġexped,"[3, 22, 45, 47, 49, 20]"
23,0,ite,"[17, 24, 26, 36, 51, 43]"
23,0,Ġthe,"[22, 26, 41, 51, 59, 43]"
23,0,Ġprocess,"[10, 11, 18, 36, 42, 5]"
23,0,.,"[6, 23, 38, 40, 57, 42]"
23,0,ĠWhen,"[0, 1, 29, 48, 61, 58]"
23,0,Ġdo,"[2, 3, 11, 58, 61, 5]"
23,0,Ġyou,"[0, 8, 11, 29, 48, 1]"
23,0,Ġthink,"[1, 24, 30, 37, 61, 34]"
23,0,Ġyour,"[22, 26, 41, 56, 62, 59]"
23,0,Ġcompany,"[0, 1, 8, 29, 48, 28]"
23,0,Ġwill,"[1, 8, 29, 44, 48, 58]"
23,0,Ġbe,"[8, 15, 29, 44, 58, 26]"
23,0,Ġable,"[2, 5, 13, 24, 37, 20]"
23,0,Ġto,"[8, 26, 29, 44, 48, 11]"
23,0,Ġstart,"[17, 26, 29, 36, 44, 8]"
23,0,Ġaccepting,"[17, 26, 35, 50, 51, 19]"
23,0,Ġorders,"[18, 27, 36, 37, 55, 42]"
23,0,Ġfrom,"[5, 9, 17, 26, 56, 42]"
23,0,Ġour,"[22, 26, 41, 51, 56, 50]"
23,0,Ġcompany,"[10, 18, 28, 36, 55, 20]"
23,0,?,"[6, 23, 38, 40, 57, 45]"
24,0,<｜begin▁of▁sentence｜>,"[10, 24, 47, 62, 63, 5]"
24,0,Fantastic,"[24, 26, 39, 45, 56, 52]"
24,0,!,"[5, 22, 42, 51, 61, 31]"
24,0,ĠI,"[22, 32, 34, 49, 54, 42]"
24,0,',"[7, 40, 44, 50, 63, 41]"
24,0,ll,"[34, 35, 36, 49, 54, 24]"
24,0,Ġhave,"[13, 17, 38, 42, 49, 2]"
24,0,Ġmy,"[11, 26, 30, 39, 46, 6]"
24,0,Ġpeople,"[18, 20, 35, 49, 54, 52]"
24,0,Ġcontact,"[3, 5, 13, 55, 63, 50]"
24,0,Ġyour,"[26, 39, 43, 46, 56, 62]"
24,0,Ġpeople,"[1, 3, 9, 20, 62, 47]"
24,0,Ġso,"[5, 8, 13, 51, 57, 55]"
24,0,Ġwe,"[0, 35, 40, 49, 57, 19]"
24,0,Ġcan,"[7, 35, 43, 49, 54, 34]"
24,0,Ġdraft,"[7, 13, 43, 55, 57, 46]"
24,0,Ġthe,"[11, 39, 43, 46, 57, 56]"
24,0,Ġnecessary,"[11, 20, 39, 43, 46, 57]"
24,0,Ġpaperwork,"[1, 7, 9, 20, 62, 3]"
24,0,Ġand,"[1, 28, 35, 46, 49, 51]"
24,0,Ġexped,"[8, 10, 32, 36, 53, 31]"
24,0,ite,"[3, 13, 22, 34, 55, 2]"
24,0,Ġthe,"[3, 11, 39, 46, 56, 30]"
24,0,Ġprocess,"[3, 7, 9, 12, 21, 63]"
24,0,.,"[7, 37, 50, 51, 61, 31]"
24,0,ĠWhen,"[3, 5, 20, 44, 63, 57]"
24,0,Ġdo,"[0, 10, 13, 20, 57, 38]"
24,0,Ġyou,"[7, 20, 35, 49, 54, 19]"
24,0,Ġthink,"[5, 13, 20, 38, 57, 31]"
24,0,Ġyour,"[11, 20, 26, 39, 56, 43]"
24,0,Ġcompany,"[20, 35, 38, 41, 49, 17]"
24,0,Ġwill,"[20, 35, 42, 49, 54, 0]"
24,0,Ġbe,"[4, 20, 32, 41, 54, 35]"
24,0,Ġable,"[0, 17, 19, 32, 63, 57]"
24,0,Ġto,"[19, 20, 35, 49, 54, 34]"
24,0,Ġstart,"[4, 9, 13, 20, 35, 34]"
24,0,Ġaccepting,"[13, 20, 30, 39, 58, 16]"
24,0,Ġorders,"[9, 19, 20, 21, 62, 7]"
24,0,Ġfrom,"[5, 13, 48, 55, 60, 20]"
24,0,Ġour,"[19, 39, 43, 46, 56, 20]"
24,0,Ġcompany,"[9, 19, 20, 21, 32, 63]"
24,0,?,"[1, 37, 50, 51, 61, 5]"
25,0,<｜begin▁of▁sentence｜>,"[1, 11, 38, 39, 45, 54]"
25,0,Fantastic,"[6, 17, 27, 54, 58, 3]"
25,0,!,"[1, 10, 12, 44, 45, 57]"
25,0,ĠI,"[2, 21, 34, 48, 61, 46]"
25,0,',"[0, 36, 52, 59, 63, 2]"
25,0,ll,"[34, 48, 53, 60, 61, 19]"
25,0,Ġhave,"[2, 5, 11, 37, 46, 32]"
25,0,Ġmy,"[30, 35, 41, 51, 58, 16]"
25,0,Ġpeople,"[19, 53, 55, 60, 61, 9]"
25,0,Ġcontact,"[5, 10, 18, 22, 60, 29]"
25,0,Ġyour,"[3, 9, 30, 35, 51, 27]"
25,0,Ġpeople,"[17, 20, 28, 32, 40, 3]"
25,0,Ġso,"[8, 15, 48, 56, 60, 2]"
25,0,Ġwe,"[15, 36, 37, 50, 61, 46]"
25,0,Ġcan,"[9, 19, 34, 53, 61, 36]"
25,0,Ġdraft,"[4, 5, 30, 47, 56, 31]"
25,0,Ġthe,"[4, 16, 27, 30, 35, 58]"
25,0,Ġnecessary,"[4, 27, 30, 35, 51, 16]"
25,0,Ġpaperwork,"[11, 17, 20, 28, 40, 60]"
25,0,Ġand,"[4, 30, 53, 58, 61, 56]"
25,0,Ġexped,"[31, 37, 38, 48, 52, 56]"
25,0,ite,"[4, 5, 9, 30, 47, 29]"
25,0,Ġthe,"[4, 27, 30, 35, 58, 9]"
25,0,Ġprocess,"[17, 20, 28, 31, 36, 47]"
25,0,.,"[1, 10, 12, 44, 45, 57]"
25,0,ĠWhen,"[0, 9, 12, 22, 50, 57]"
25,0,Ġdo,"[8, 9, 32, 46, 48, 15]"
25,0,Ġyou,"[9, 19, 21, 61, 62, 8]"
25,0,Ġthink,"[0, 9, 33, 50, 59, 18]"
25,0,Ġyour,"[27, 30, 35, 51, 58, 4]"
25,0,Ġcompany,"[0, 3, 31, 50, 61, 9]"
25,0,Ġwill,"[9, 19, 34, 53, 61, 59]"
25,0,Ġbe,"[12, 19, 22, 24, 47, 53]"
25,0,Ġable,"[11, 32, 43, 46, 47, 63]"
25,0,Ġto,"[9, 19, 36, 53, 61, 34]"
25,0,Ġstart,"[5, 9, 30, 47, 61, 56]"
25,0,Ġaccepting,"[5, 9, 30, 51, 58, 26]"
25,0,Ġorders,"[11, 17, 20, 26, 28, 63]"
25,0,Ġfrom,"[5, 7, 14, 18, 23, 30]"
25,0,Ġour,"[27, 30, 35, 51, 58, 3]"
25,0,Ġcompany,"[3, 17, 20, 28, 37, 40]"
25,0,?,"[1, 10, 12, 44, 45, 57]"
26,0,<｜begin▁of▁sentence｜>,"[9, 34, 54, 56, 57, 14]"
26,0,Fantastic,"[25, 27, 28, 41, 47, 62]"
26,0,!,"[24, 26, 36, 52, 56, 62]"
26,0,ĠI,"[5, 15, 20, 21, 42, 7]"
26,0,',"[0, 9, 34, 45, 63, 61]"
26,0,ll,"[3, 15, 18, 39, 42, 44]"
26,0,Ġhave,"[13, 18, 40, 46, 60, 20]"
26,0,Ġmy,"[1, 8, 12, 19, 28, 41]"
26,0,Ġpeople,"[15, 25, 29, 39, 42, 40]"
26,0,Ġcontact,"[6, 13, 32, 53, 60, 26]"
26,0,Ġyour,"[1, 8, 12, 19, 28, 51]"
26,0,Ġpeople,"[29, 38, 40, 46, 58, 56]"
26,0,Ġso,"[13, 22, 49, 55, 62, 57]"
26,0,Ġwe,"[15, 20, 33, 42, 46, 3]"
26,0,Ġcan,"[15, 20, 39, 42, 62, 13]"
26,0,Ġdraft,"[6, 23, 37, 47, 60, 53]"
26,0,Ġthe,"[1, 12, 23, 47, 51, 19]"
26,0,Ġnecessary,"[8, 12, 23, 47, 51, 53]"
26,0,Ġpaperwork,"[16, 26, 29, 38, 58, 59]"
26,0,Ġand,"[8, 15, 31, 47, 62, 42]"
26,0,Ġexped,"[11, 25, 49, 57, 59, 17]"
26,0,ite,"[6, 23, 29, 53, 60, 47]"
26,0,Ġthe,"[1, 12, 19, 23, 47, 51]"
26,0,Ġprocess,"[16, 26, 29, 58, 59, 38]"
26,0,.,"[24, 36, 52, 56, 62, 26]"
26,0,ĠWhen,"[13, 14, 55, 56, 62, 63]"
26,0,Ġdo,"[5, 33, 46, 49, 55, 42]"
26,0,Ġyou,"[15, 20, 39, 42, 49, 62]"
26,0,Ġthink,"[13, 14, 18, 55, 60, 29]"
26,0,Ġyour,"[1, 8, 12, 19, 28, 51]"
26,0,Ġcompany,"[14, 20, 42, 43, 46, 63]"
26,0,Ġwill,"[3, 15, 20, 39, 42, 46]"
26,0,Ġbe,"[2, 4, 18, 37, 49, 29]"
26,0,Ġable,"[15, 40, 45, 46, 63, 13]"
26,0,Ġto,"[15, 20, 29, 39, 42, 9]"
26,0,Ġstart,"[4, 6, 29, 37, 60, 62]"
26,0,Ġaccepting,"[6, 23, 47, 51, 60, 8]"
26,0,Ġorders,"[0, 16, 29, 45, 58, 40]"
26,0,Ġfrom,"[6, 31, 32, 52, 60, 51]"
26,0,Ġour,"[1, 8, 12, 19, 28, 51]"
26,0,Ġcompany,"[29, 43, 45, 46, 58, 0]"
26,0,?,"[24, 26, 36, 52, 56, 62]"
