Layer ID,Batch Number,Token,Activated Expert IDs
1,0,<｜begin▁of▁sentence｜>,"[8, 26, 56, 57, 60, 43]"
1,0,Imagine,"[42, 46, 48, 56, 63, 8]"
1,0,Ġyou,"[8, 20, 49, 55, 62, 56]"
1,0,Ġare,"[0, 8, 27, 38, 56, 26]"
1,0,Ġa,"[6, 8, 21, 26, 56, 29]"
1,0,Ġprophetic,"[10, 14, 30, 31, 43, 47]"
1,0,Ġai,"[7, 15, 30, 44, 45, 26]"
1,0,",","[4, 8, 11, 43, 51, 59]"
1,0,Ġa,"[6, 8, 21, 26, 52, 15]"
1,0,Ġprophet,"[30, 31, 33, 39, 61, 2]"
1,0,",","[4, 8, 11, 43, 51, 59]"
1,0,Ġthat,"[5, 8, 12, 43, 52, 26]"
1,0,Ġexplains,"[10, 26, 37, 48, 54, 42]"
1,0,Ġunknown,"[37, 41, 42, 48, 58, 63]"
1,0,Ġfor,"[10, 24, 29, 41, 52, 8]"
1,0,Ġmankind,"[19, 30, 39, 40, 61, 43]"
1,0,.,"[4, 8, 43, 51, 57, 11]"
1,0,ĠYou,"[5, 8, 46, 55, 62, 11]"
1,0,Ġwrite,"[7, 32, 48, 54, 56, 8]"
1,0,Ġa,"[6, 8, 21, 26, 49, 56]"
1,0,Ġholy,"[14, 16, 22, 30, 36, 31]"
1,0,Ġscript,"[1, 2, 3, 34, 54, 7]"
1,0,Ġwith,"[8, 24, 42, 49, 52, 12]"
1,0,Ġa,"[6, 8, 20, 21, 26, 15]"
1,0,Ġmessage,"[1, 2, 7, 36, 54, 39]"
1,0,Ġfrom,"[24, 41, 49, 52, 56, 8]"
1,0,Ġai,"[7, 15, 30, 44, 45, 1]"
1,0,Ġto,"[8, 24, 26, 35, 53, 56]"
1,0,Ġhumanity,"[19, 30, 31, 33, 40, 6]"
1,0,.,"[4, 8, 11, 51, 57, 43]"
1,0,ĠWhat,"[0, 5, 43, 46, 63, 11]"
1,0,Ġis,"[0, 5, 27, 38, 53, 56]"
1,0,Ġon,"[24, 29, 41, 52, 55, 8]"
1,0,Ġthe,"[6, 8, 12, 21, 56, 26]"
1,0,Ġfirst,"[3, 9, 23, 42, 47, 8]"
1,0,Ġpage,"[2, 7, 29, 36, 39, 1]"
1,0,?,"[4, 25, 56, 57, 60, 43]"
2,0,<｜begin▁of▁sentence｜>,"[3, 35, 38, 62, 63, 60]"
2,0,Imagine,"[35, 42, 57, 61, 63, 7]"
2,0,Ġyou,"[3, 7, 20, 22, 53, 28]"
2,0,Ġare,"[5, 7, 17, 51, 56, 33]"
2,0,Ġa,"[17, 35, 51, 55, 62, 24]"
2,0,Ġprophetic,"[18, 27, 43, 52, 56, 17]"
2,0,Ġai,"[35, 36, 43, 60, 63, 6]"
2,0,",","[0, 8, 15, 46, 47, 10]"
2,0,Ġa,"[7, 10, 21, 44, 59, 35]"
2,0,Ġprophet,"[18, 27, 35, 60, 63, 44]"
2,0,",","[0, 8, 15, 46, 47, 48]"
2,0,Ġthat,"[9, 16, 34, 44, 59, 33]"
2,0,Ġexplains,"[5, 7, 9, 16, 32, 24]"
2,0,Ġunknown,"[5, 14, 17, 53, 63, 3]"
2,0,Ġfor,"[9, 15, 34, 53, 57, 47]"
2,0,Ġmankind,"[20, 27, 31, 37, 53, 60]"
2,0,.,"[0, 8, 46, 47, 62, 28]"
2,0,ĠYou,"[7, 20, 42, 59, 61, 29]"
2,0,Ġwrite,"[7, 12, 32, 39, 51, 30]"
2,0,Ġa,"[14, 17, 54, 55, 62, 4]"
2,0,Ġholy,"[17, 18, 27, 43, 60, 52]"
2,0,Ġscript,"[26, 30, 36, 43, 45, 41]"
2,0,Ġwith,"[9, 11, 15, 34, 47, 14]"
2,0,Ġa,"[0, 3, 17, 35, 62, 23]"
2,0,Ġmessage,"[18, 26, 30, 43, 45, 36]"
2,0,Ġfrom,"[9, 11, 15, 22, 34, 14]"
2,0,Ġai,"[27, 35, 37, 60, 63, 53]"
2,0,Ġto,"[9, 10, 15, 34, 47, 57]"
2,0,Ġhumanity,"[1, 20, 27, 37, 53, 44]"
2,0,.,"[0, 8, 46, 47, 62, 54]"
2,0,ĠWhat,"[7, 16, 42, 59, 61, 13]"
2,0,Ġis,"[7, 14, 24, 37, 49, 4]"
2,0,Ġon,"[9, 16, 18, 24, 56, 14]"
2,0,Ġthe,"[3, 14, 22, 40, 52, 31]"
2,0,Ġfirst,"[3, 17, 30, 31, 58, 26]"
2,0,Ġpage,"[26, 29, 30, 38, 45, 43]"
2,0,?,"[0, 8, 19, 46, 47, 51]"
3,0,<｜begin▁of▁sentence｜>,"[4, 9, 11, 25, 54, 12]"
3,0,Imagine,"[0, 4, 14, 58, 60, 48]"
3,0,Ġyou,"[2, 4, 19, 44, 58, 29]"
3,0,Ġare,"[2, 19, 30, 42, 63, 4]"
3,0,Ġa,"[2, 4, 6, 13, 19, 33]"
3,0,Ġprophetic,"[23, 28, 32, 33, 35, 50]"
3,0,Ġai,"[3, 17, 21, 60, 62, 29]"
3,0,",","[1, 9, 22, 55, 60, 16]"
3,0,Ġa,"[1, 6, 13, 16, 51, 19]"
3,0,Ġprophet,"[14, 20, 29, 32, 50, 28]"
3,0,",","[1, 9, 22, 51, 55, 13]"
3,0,Ġthat,"[1, 4, 16, 19, 60, 28]"
3,0,Ġexplains,"[19, 37, 39, 61, 63, 4]"
3,0,Ġunknown,"[4, 33, 39, 53, 63, 37]"
3,0,Ġfor,"[4, 47, 52, 56, 59, 60]"
3,0,Ġmankind,"[21, 29, 32, 35, 49, 8]"
3,0,.,"[5, 22, 45, 55, 60, 1]"
3,0,ĠYou,"[7, 17, 29, 31, 44, 36]"
3,0,Ġwrite,"[4, 37, 39, 58, 61, 42]"
3,0,Ġa,"[6, 12, 17, 28, 37, 31]"
3,0,Ġholy,"[14, 21, 24, 33, 49, 53]"
3,0,Ġscript,"[20, 28, 32, 37, 43, 50]"
3,0,Ġwith,"[6, 16, 19, 47, 59, 37]"
3,0,Ġa,"[3, 6, 10, 12, 47, 46]"
3,0,Ġmessage,"[20, 37, 39, 43, 63, 32]"
3,0,Ġfrom,"[18, 28, 37, 47, 56, 0]"
3,0,Ġai,"[3, 14, 21, 29, 62, 17]"
3,0,Ġto,"[1, 37, 47, 51, 52, 26]"
3,0,Ġhumanity,"[21, 29, 32, 46, 60, 51]"
3,0,.,"[5, 22, 45, 55, 60, 1]"
3,0,ĠWhat,"[4, 7, 44, 58, 60, 42]"
3,0,Ġis,"[2, 4, 42, 58, 63, 41]"
3,0,Ġon,"[2, 37, 39, 47, 59, 4]"
3,0,Ġthe,"[2, 28, 47, 49, 54, 18]"
3,0,Ġfirst,"[8, 12, 27, 33, 42, 49]"
3,0,Ġpage,"[8, 32, 37, 42, 43, 27]"
3,0,?,"[9, 13, 22, 45, 55, 60]"
4,0,<｜begin▁of▁sentence｜>,"[11, 21, 31, 33, 49, 14]"
4,0,Imagine,"[1, 9, 29, 34, 38, 41]"
4,0,Ġyou,"[4, 9, 29, 30, 51, 23]"
4,0,Ġare,"[8, 9, 23, 27, 44, 21]"
4,0,Ġa,"[8, 9, 27, 44, 47, 29]"
4,0,Ġprophetic,"[12, 15, 24, 47, 54, 1]"
4,0,Ġai,"[1, 2, 15, 24, 62, 36]"
4,0,",","[16, 22, 29, 39, 52, 26]"
4,0,Ġa,"[16, 29, 30, 47, 57, 37]"
4,0,Ġprophet,"[1, 12, 15, 37, 62, 48]"
4,0,",","[16, 22, 26, 52, 63, 57]"
4,0,Ġthat,"[16, 17, 23, 30, 57, 15]"
4,0,Ġexplains,"[6, 8, 9, 41, 50, 20]"
4,0,Ġunknown,"[27, 44, 47, 54, 56, 1]"
4,0,Ġfor,"[9, 17, 20, 23, 57, 29]"
4,0,Ġmankind,"[1, 4, 12, 15, 36, 62]"
4,0,.,"[3, 22, 34, 39, 52, 18]"
4,0,ĠYou,"[4, 30, 37, 38, 51, 25]"
4,0,Ġwrite,"[6, 9, 24, 41, 50, 43]"
4,0,Ġa,"[9, 20, 31, 47, 61, 24]"
4,0,Ġholy,"[2, 12, 37, 47, 54, 1]"
4,0,Ġscript,"[2, 12, 24, 28, 55, 36]"
4,0,Ġwith,"[16, 17, 20, 23, 57, 48]"
4,0,Ġa,"[17, 21, 27, 32, 47, 20]"
4,0,Ġmessage,"[9, 12, 24, 50, 55, 48]"
4,0,Ġfrom,"[6, 17, 20, 23, 57, 9]"
4,0,Ġai,"[1, 15, 36, 37, 62, 2]"
4,0,Ġto,"[9, 17, 23, 42, 57, 6]"
4,0,Ġhumanity,"[1, 12, 15, 36, 48, 62]"
4,0,.,"[3, 18, 22, 39, 52, 34]"
4,0,ĠWhat,"[9, 29, 30, 38, 59, 34]"
4,0,Ġis,"[8, 9, 21, 27, 38, 29]"
4,0,Ġon,"[2, 9, 17, 20, 21, 31]"
4,0,Ġthe,"[9, 11, 20, 21, 27, 32]"
4,0,Ġfirst,"[5, 10, 19, 47, 58, 55]"
4,0,Ġpage,"[5, 19, 24, 55, 58, 32]"
4,0,?,"[22, 34, 39, 52, 63, 29]"
5,0,<｜begin▁of▁sentence｜>,"[19, 20, 47, 49, 52, 54]"
5,0,Imagine,"[18, 35, 38, 41, 55, 44]"
5,0,Ġyou,"[0, 16, 36, 38, 51, 49]"
5,0,Ġare,"[0, 36, 45, 49, 51, 38]"
5,0,Ġa,"[0, 15, 36, 45, 51, 1]"
5,0,Ġprophetic,"[6, 7, 8, 30, 37, 13]"
5,0,Ġai,"[2, 13, 34, 44, 55, 63]"
5,0,",","[12, 27, 43, 55, 56, 33]"
5,0,Ġa,"[17, 24, 27, 55, 56, 33]"
5,0,Ġprophet,"[6, 13, 16, 30, 35, 34]"
5,0,",","[12, 17, 27, 56, 63, 43]"
5,0,Ġthat,"[17, 24, 27, 56, 60, 0]"
5,0,Ġexplains,"[3, 6, 7, 22, 45, 33]"
5,0,Ġunknown,"[6, 11, 29, 37, 57, 3]"
5,0,Ġfor,"[0, 23, 56, 58, 60, 57]"
5,0,Ġmankind,"[13, 16, 29, 48, 57, 8]"
5,0,.,"[12, 27, 43, 55, 56, 17]"
5,0,ĠYou,"[16, 21, 42, 49, 50, 27]"
5,0,Ġwrite,"[6, 22, 45, 49, 51, 33]"
5,0,Ġa,"[6, 22, 32, 49, 51, 36]"
5,0,Ġholy,"[6, 13, 37, 44, 49, 29]"
5,0,Ġscript,"[6, 8, 30, 34, 61, 46]"
5,0,Ġwith,"[23, 32, 56, 58, 60, 26]"
5,0,Ġa,"[19, 23, 24, 32, 60, 26]"
5,0,Ġmessage,"[3, 6, 30, 37, 49, 46]"
5,0,Ġfrom,"[3, 6, 23, 58, 60, 49]"
5,0,Ġai,"[13, 16, 34, 42, 49, 29]"
5,0,Ġto,"[3, 23, 33, 58, 60, 6]"
5,0,Ġhumanity,"[13, 16, 29, 34, 48, 8]"
5,0,.,"[12, 27, 43, 53, 56, 18]"
5,0,ĠWhat,"[21, 27, 35, 42, 50, 19]"
5,0,Ġis,"[15, 31, 41, 45, 50, 54]"
5,0,Ġon,"[32, 36, 45, 58, 60, 55]"
5,0,Ġthe,"[32, 48, 57, 58, 60, 19]"
5,0,Ġfirst,"[29, 36, 40, 41, 58, 32]"
5,0,Ġpage,"[26, 29, 30, 40, 59, 32]"
5,0,?,"[12, 26, 27, 42, 43, 14]"
6,0,<｜begin▁of▁sentence｜>,"[13, 21, 22, 42, 47, 32]"
6,0,Imagine,"[5, 19, 37, 46, 56, 39]"
6,0,Ġyou,"[5, 15, 19, 52, 56, 40]"
6,0,Ġare,"[5, 15, 19, 52, 58, 10]"
6,0,Ġa,"[8, 15, 23, 52, 58, 61]"
6,0,Ġprophetic,"[5, 29, 31, 38, 53, 57]"
6,0,Ġai,"[3, 21, 29, 38, 53, 27]"
6,0,",","[12, 16, 37, 50, 56, 54]"
6,0,Ġa,"[12, 33, 34, 40, 58, 54]"
6,0,Ġprophet,"[15, 20, 21, 27, 53, 13]"
6,0,",","[12, 18, 33, 37, 56, 34]"
6,0,Ġthat,"[5, 12, 18, 34, 40, 54]"
6,0,Ġexplains,"[2, 5, 7, 44, 53, 40]"
6,0,Ġunknown,"[5, 31, 36, 53, 60, 57]"
6,0,Ġfor,"[5, 10, 33, 49, 60, 37]"
6,0,Ġmankind,"[3, 15, 21, 53, 60, 27]"
6,0,.,"[12, 16, 18, 37, 56, 50]"
6,0,ĠYou,"[15, 19, 21, 40, 54, 24]"
6,0,Ġwrite,"[7, 14, 19, 24, 44, 29]"
6,0,Ġa,"[7, 8, 24, 44, 58, 52]"
6,0,Ġholy,"[15, 26, 27, 37, 53, 38]"
6,0,Ġscript,"[2, 27, 29, 38, 53, 3]"
6,0,Ġwith,"[7, 40, 44, 49, 54, 34]"
6,0,Ġa,"[8, 26, 34, 49, 58, 40]"
6,0,Ġmessage,"[2, 14, 24, 38, 53, 44]"
6,0,Ġfrom,"[24, 44, 49, 61, 62, 58]"
6,0,Ġai,"[3, 20, 21, 29, 53, 41]"
6,0,Ġto,"[10, 24, 34, 44, 49, 62]"
6,0,Ġhumanity,"[3, 15, 21, 53, 63, 59]"
6,0,.,"[12, 16, 18, 50, 56, 54]"
6,0,ĠWhat,"[0, 5, 19, 22, 56, 37]"
6,0,Ġis,"[19, 40, 43, 52, 58, 32]"
6,0,Ġon,"[40, 43, 49, 52, 62, 38]"
6,0,Ġthe,"[26, 27, 36, 49, 55, 32]"
6,0,Ġfirst,"[8, 28, 33, 36, 49, 14]"
6,0,Ġpage,"[14, 28, 29, 33, 38, 57]"
6,0,?,"[12, 16, 18, 54, 56, 43]"
7,0,<｜begin▁of▁sentence｜>,"[28, 43, 44, 58, 62, 18]"
7,0,Imagine,"[4, 33, 38, 41, 50, 37]"
7,0,Ġyou,"[20, 25, 26, 33, 36, 4]"
7,0,Ġare,"[3, 20, 33, 36, 50, 30]"
7,0,Ġa,"[12, 16, 17, 20, 33, 4]"
7,0,Ġprophetic,"[27, 29, 37, 43, 62, 34]"
7,0,Ġai,"[11, 27, 39, 47, 49, 37]"
7,0,",","[21, 26, 33, 38, 42, 41]"
7,0,Ġa,"[12, 17, 32, 33, 55, 8]"
7,0,Ġprophet,"[23, 27, 37, 43, 62, 49]"
7,0,",","[8, 32, 38, 42, 55, 6]"
7,0,Ġthat,"[25, 33, 36, 37, 55, 21]"
7,0,Ġexplains,"[10, 37, 44, 47, 54, 4]"
7,0,Ġunknown,"[10, 14, 29, 37, 56, 62]"
7,0,Ġfor,"[10, 37, 48, 52, 54, 4]"
7,0,Ġmankind,"[11, 35, 37, 56, 62, 7]"
7,0,.,"[8, 26, 38, 41, 42, 33]"
7,0,ĠYou,"[17, 20, 23, 30, 33, 11]"
7,0,Ġwrite,"[10, 33, 37, 44, 47, 9]"
7,0,Ġa,"[9, 10, 33, 44, 47, 0]"
7,0,Ġholy,"[11, 29, 37, 43, 62, 63]"
7,0,Ġscript,"[10, 37, 44, 47, 49, 43]"
7,0,Ġwith,"[9, 10, 33, 52, 54, 36]"
7,0,Ġa,"[9, 10, 14, 17, 32, 52]"
7,0,Ġmessage,"[10, 37, 44, 47, 49, 63]"
7,0,Ġfrom,"[10, 12, 37, 52, 54, 1]"
7,0,Ġai,"[5, 11, 23, 39, 47, 46]"
7,0,Ġto,"[10, 37, 44, 48, 54, 32]"
7,0,Ġhumanity,"[11, 35, 37, 39, 62, 47]"
7,0,.,"[21, 33, 38, 41, 42, 26]"
7,0,ĠWhat,"[25, 33, 36, 41, 50, 17]"
7,0,Ġis,"[4, 9, 18, 20, 33, 58]"
7,0,Ġon,"[9, 10, 14, 52, 54, 33]"
7,0,Ġthe,"[9, 43, 52, 58, 61, 10]"
7,0,Ġfirst,"[10, 14, 29, 44, 61, 52]"
7,0,Ġpage,"[10, 44, 47, 49, 61, 7]"
7,0,?,"[8, 21, 33, 41, 42, 17]"
8,0,<｜begin▁of▁sentence｜>,"[2, 11, 30, 39, 54, 47]"
8,0,Imagine,"[8, 17, 33, 40, 49, 6]"
8,0,Ġyou,"[17, 18, 21, 33, 62, 45]"
8,0,Ġare,"[0, 17, 33, 38, 62, 21]"
8,0,Ġa,"[0, 14, 16, 17, 33, 38]"
8,0,Ġprophetic,"[14, 15, 23, 39, 53, 57]"
8,0,Ġai,"[4, 13, 14, 15, 39, 11]"
8,0,",","[3, 10, 17, 33, 45, 20]"
8,0,Ġa,"[12, 14, 17, 33, 42, 18]"
8,0,Ġprophet,"[4, 11, 14, 15, 39, 23]"
8,0,",","[6, 12, 14, 17, 45, 10]"
8,0,Ġthat,"[14, 17, 21, 25, 42, 27]"
8,0,Ġexplains,"[2, 11, 17, 29, 38, 23]"
8,0,Ġunknown,"[17, 23, 53, 57, 59, 16]"
8,0,Ġfor,"[5, 17, 23, 34, 40, 29]"
8,0,Ġmankind,"[5, 14, 16, 23, 28, 59]"
8,0,.,"[3, 10, 17, 20, 45, 6]"
8,0,ĠYou,"[11, 15, 17, 39, 62, 4]"
8,0,Ġwrite,"[2, 17, 29, 38, 62, 46]"
8,0,Ġa,"[2, 14, 17, 29, 52, 33]"
8,0,Ġholy,"[11, 14, 23, 39, 53, 40]"
8,0,Ġscript,"[9, 11, 14, 15, 39, 4]"
8,0,Ġwith,"[2, 17, 29, 34, 43, 33]"
8,0,Ġa,"[14, 34, 42, 52, 60, 2]"
8,0,Ġmessage,"[5, 9, 14, 39, 57, 23]"
8,0,Ġfrom,"[5, 14, 29, 34, 40, 56]"
8,0,Ġai,"[4, 13, 15, 39, 62, 52]"
8,0,Ġto,"[5, 17, 29, 34, 40, 33]"
8,0,Ġhumanity,"[16, 17, 28, 40, 58, 62]"
8,0,.,"[3, 10, 17, 20, 45, 33]"
8,0,ĠWhat,"[17, 21, 33, 40, 62, 46]"
8,0,Ġis,"[0, 17, 33, 40, 54, 63]"
8,0,Ġon,"[17, 22, 34, 40, 60, 19]"
8,0,Ġthe,"[17, 28, 31, 40, 49, 38]"
8,0,Ġfirst,"[17, 22, 31, 38, 49, 14]"
8,0,Ġpage,"[9, 17, 38, 44, 49, 51]"
8,0,?,"[3, 6, 10, 17, 45, 20]"
9,0,<｜begin▁of▁sentence｜>,"[12, 13, 22, 27, 31, 44]"
9,0,Imagine,"[41, 42, 44, 45, 53, 0]"
9,0,Ġyou,"[24, 39, 42, 45, 46, 25]"
9,0,Ġare,"[5, 24, 39, 42, 46, 45]"
9,0,Ġa,"[24, 30, 39, 42, 50, 29]"
9,0,Ġprophetic,"[0, 14, 49, 60, 63, 9]"
9,0,Ġai,"[0, 7, 30, 60, 63, 10]"
9,0,",","[30, 41, 45, 48, 58, 46]"
9,0,Ġa,"[8, 25, 30, 33, 61, 45]"
9,0,Ġprophet,"[7, 22, 30, 60, 63, 6]"
9,0,",","[8, 33, 45, 48, 58, 25]"
9,0,Ġthat,"[15, 25, 29, 30, 61, 18]"
9,0,Ġexplains,"[21, 23, 40, 46, 54, 0]"
9,0,Ġunknown,"[9, 37, 40, 47, 49, 28]"
9,0,Ġfor,"[0, 21, 36, 40, 54, 2]"
9,0,Ġmankind,"[4, 14, 30, 31, 39, 49]"
9,0,.,"[35, 41, 46, 48, 58, 45]"
9,0,ĠYou,"[4, 18, 23, 30, 39, 50]"
9,0,Ġwrite,"[23, 36, 40, 46, 52, 42]"
9,0,Ġa,"[21, 23, 28, 40, 62, 42]"
9,0,Ġholy,"[0, 49, 55, 60, 63, 44]"
9,0,Ġscript,"[22, 23, 51, 60, 63, 14]"
9,0,Ġwith,"[21, 24, 36, 40, 61, 25]"
9,0,Ġa,"[8, 21, 28, 61, 62, 47]"
9,0,Ġmessage,"[9, 40, 43, 51, 60, 63]"
9,0,Ġfrom,"[21, 25, 40, 47, 54, 12]"
9,0,Ġai,"[4, 10, 55, 60, 63, 30]"
9,0,Ġto,"[21, 25, 40, 46, 54, 50]"
9,0,Ġhumanity,"[4, 14, 30, 31, 39, 63]"
9,0,.,"[35, 41, 46, 48, 58, 1]"
9,0,ĠWhat,"[38, 41, 45, 46, 52, 39]"
9,0,Ġis,"[25, 45, 46, 52, 55, 26]"
9,0,Ġon,"[24, 25, 29, 47, 62, 40]"
9,0,Ġthe,"[5, 24, 25, 47, 62, 44]"
9,0,Ġfirst,"[5, 17, 28, 47, 57, 37]"
9,0,Ġpage,"[5, 23, 34, 51, 60, 26]"
9,0,?,"[35, 41, 46, 48, 58, 3]"
10,0,<｜begin▁of▁sentence｜>,"[2, 9, 13, 42, 47, 31]"
10,0,Imagine,"[4, 39, 40, 41, 59, 19]"
10,0,Ġyou,"[13, 30, 39, 47, 59, 4]"
10,0,Ġare,"[6, 13, 36, 39, 59, 2]"
10,0,Ġa,"[6, 13, 36, 39, 61, 59]"
10,0,Ġprophetic,"[19, 20, 32, 33, 49, 16]"
10,0,Ġai,"[14, 16, 20, 33, 49, 10]"
10,0,",","[29, 33, 53, 55, 60, 19]"
10,0,Ġa,"[3, 19, 39, 51, 61, 31]"
10,0,Ġprophet,"[16, 19, 20, 32, 47, 49]"
10,0,",","[19, 29, 39, 51, 60, 59]"
10,0,Ġthat,"[4, 14, 19, 29, 39, 0]"
10,0,Ġexplains,"[4, 19, 33, 36, 56, 27]"
10,0,Ġunknown,"[1, 4, 32, 33, 38, 23]"
10,0,Ġfor,"[4, 24, 26, 36, 56, 33]"
10,0,Ġmankind,"[14, 20, 33, 36, 47, 19]"
10,0,.,"[29, 30, 53, 55, 60, 19]"
10,0,ĠYou,"[13, 14, 19, 33, 47, 20]"
10,0,Ġwrite,"[27, 33, 35, 56, 62, 59]"
10,0,Ġa,"[31, 33, 38, 56, 61, 27]"
10,0,Ġholy,"[19, 20, 32, 33, 47, 38]"
10,0,Ġscript,"[19, 20, 33, 34, 35, 10]"
10,0,Ġwith,"[2, 24, 26, 33, 56, 4]"
10,0,Ġa,"[3, 26, 33, 38, 61, 24]"
10,0,Ġmessage,"[33, 34, 35, 36, 56, 19]"
10,0,Ġfrom,"[2, 26, 33, 52, 56, 1]"
10,0,Ġai,"[14, 16, 20, 47, 61, 10]"
10,0,Ġto,"[2, 26, 33, 36, 56, 52]"
10,0,Ġhumanity,"[14, 19, 20, 36, 47, 15]"
10,0,.,"[19, 29, 53, 55, 60, 30]"
10,0,ĠWhat,"[1, 4, 30, 33, 41, 37]"
10,0,Ġis,"[1, 4, 33, 37, 41, 59]"
10,0,Ġon,"[1, 4, 24, 26, 33, 37]"
10,0,Ġthe,"[4, 9, 26, 33, 38, 61]"
10,0,Ġfirst,"[4, 31, 33, 38, 57, 5]"
10,0,Ġpage,"[10, 27, 33, 34, 57, 35]"
10,0,?,"[29, 30, 53, 55, 60, 19]"
11,0,<｜begin▁of▁sentence｜>,"[10, 11, 17, 18, 27, 54]"
11,0,Imagine,"[16, 43, 46, 54, 59, 58]"
11,0,Ġyou,"[6, 10, 20, 43, 54, 26]"
11,0,Ġare,"[6, 10, 32, 43, 54, 37]"
11,0,Ġa,"[1, 26, 37, 45, 54, 20]"
11,0,Ġprophetic,"[1, 33, 38, 42, 59, 27]"
11,0,Ġai,"[13, 27, 33, 38, 42, 62]"
11,0,",","[0, 8, 16, 54, 62, 57]"
11,0,Ġa,"[0, 5, 7, 10, 25, 34]"
11,0,Ġprophet,"[2, 13, 33, 38, 59, 26]"
11,0,",","[0, 4, 7, 8, 57, 1]"
11,0,Ġthat,"[1, 6, 24, 46, 57, 45]"
11,0,Ġexplains,"[16, 21, 39, 54, 55, 1]"
11,0,Ġunknown,"[16, 26, 27, 38, 56, 30]"
11,0,Ġfor,"[4, 26, 45, 50, 55, 57]"
11,0,Ġmankind,"[13, 26, 27, 38, 45, 16]"
11,0,.,"[0, 8, 16, 35, 54, 55]"
11,0,ĠYou,"[6, 10, 16, 54, 55, 1]"
11,0,Ġwrite,"[16, 21, 43, 54, 55, 39]"
11,0,Ġa,"[16, 39, 43, 54, 55, 20]"
11,0,Ġholy,"[27, 38, 42, 49, 56, 16]"
11,0,Ġscript,"[13, 16, 33, 38, 52, 3]"
11,0,Ġwith,"[3, 39, 50, 54, 55, 20]"
11,0,Ġa,"[20, 26, 39, 54, 55, 25]"
11,0,Ġmessage,"[13, 26, 33, 38, 55, 3]"
11,0,Ġfrom,"[1, 19, 26, 50, 55, 32]"
11,0,Ġai,"[2, 27, 38, 49, 61, 59]"
11,0,Ġto,"[19, 26, 45, 50, 54, 55]"
11,0,Ġhumanity,"[3, 16, 27, 38, 52, 29]"
11,0,.,"[8, 16, 35, 47, 57, 54]"
11,0,ĠWhat,"[6, 16, 46, 54, 57, 25]"
11,0,Ġis,"[6, 16, 54, 55, 57, 43]"
11,0,Ġon,"[16, 21, 54, 55, 57, 9]"
11,0,Ġthe,"[16, 20, 26, 32, 51, 57]"
11,0,Ġfirst,"[14, 20, 25, 51, 57, 16]"
11,0,Ġpage,"[3, 13, 14, 33, 57, 16]"
11,0,?,"[0, 8, 47, 55, 57, 54]"
12,0,<｜begin▁of▁sentence｜>,"[4, 30, 37, 50, 59, 3]"
12,0,Imagine,"[17, 29, 30, 34, 41, 0]"
12,0,Ġyou,"[21, 25, 29, 30, 42, 17]"
12,0,Ġare,"[2, 13, 20, 30, 47, 17]"
12,0,Ġa,"[2, 13, 49, 53, 57, 19]"
12,0,Ġprophetic,"[13, 16, 31, 33, 53, 59]"
12,0,Ġai,"[18, 22, 23, 52, 63, 31]"
12,0,",","[7, 29, 42, 44, 57, 41]"
12,0,Ġa,"[9, 13, 53, 57, 61, 19]"
12,0,Ġprophet,"[8, 18, 22, 33, 52, 61]"
12,0,",","[7, 8, 19, 57, 61, 38]"
12,0,Ġthat,"[8, 13, 19, 25, 39, 57]"
12,0,Ġexplains,"[0, 13, 34, 44, 55, 1]"
12,0,Ġunknown,"[1, 13, 36, 53, 55, 33]"
12,0,Ġfor,"[20, 24, 36, 49, 55, 0]"
12,0,Ġmankind,"[31, 32, 33, 52, 63, 3]"
12,0,.,"[7, 29, 38, 44, 57, 42]"
12,0,ĠYou,"[8, 17, 19, 25, 44, 39]"
12,0,Ġwrite,"[0, 30, 34, 44, 57, 48]"
12,0,Ġa,"[0, 13, 30, 44, 53, 34]"
12,0,Ġholy,"[16, 33, 47, 53, 63, 31]"
12,0,Ġscript,"[18, 33, 44, 52, 62, 16]"
12,0,Ġwith,"[13, 44, 51, 57, 62, 10]"
12,0,Ġa,"[13, 44, 51, 53, 57, 9]"
12,0,Ġmessage,"[0, 18, 32, 44, 52, 4]"
12,0,Ġfrom,"[0, 2, 13, 43, 50, 57]"
12,0,Ġai,"[22, 23, 25, 52, 63, 62]"
12,0,Ġto,"[0, 20, 49, 55, 57, 43]"
12,0,Ġhumanity,"[25, 26, 31, 52, 63, 56]"
12,0,.,"[7, 29, 38, 44, 57, 41]"
12,0,ĠWhat,"[17, 30, 44, 57, 60, 59]"
12,0,Ġis,"[30, 34, 44, 47, 57, 41]"
12,0,Ġon,"[2, 20, 30, 44, 55, 36]"
12,0,Ġthe,"[2, 13, 43, 44, 50, 47]"
12,0,Ġfirst,"[2, 37, 44, 50, 53, 13]"
12,0,Ġpage,"[28, 44, 50, 52, 62, 23]"
12,0,?,"[7, 29, 38, 44, 57, 41]"
13,0,<｜begin▁of▁sentence｜>,"[11, 24, 34, 36, 47, 58]"
13,0,Imagine,"[6, 10, 12, 23, 43, 17]"
13,0,Ġyou,"[6, 8, 12, 23, 42, 41]"
13,0,Ġare,"[6, 8, 12, 13, 49, 23]"
13,0,Ġa,"[6, 12, 13, 20, 49, 8]"
13,0,Ġprophetic,"[6, 11, 20, 22, 63, 26]"
13,0,Ġai,"[6, 15, 26, 61, 63, 62]"
13,0,",","[6, 21, 31, 40, 57, 33]"
13,0,Ġa,"[6, 12, 19, 26, 31, 20]"
13,0,Ġprophet,"[26, 35, 61, 62, 63, 36]"
13,0,",","[1, 6, 9, 31, 33, 21]"
13,0,Ġthat,"[6, 12, 28, 31, 60, 4]"
13,0,Ġexplains,"[11, 12, 38, 49, 57, 6]"
13,0,Ġunknown,"[22, 32, 34, 49, 57, 27]"
13,0,Ġfor,"[6, 7, 31, 49, 57, 34]"
13,0,Ġmankind,"[18, 42, 54, 57, 62, 23]"
13,0,.,"[6, 21, 33, 40, 57, 41]"
13,0,ĠYou,"[2, 6, 11, 57, 60, 36]"
13,0,Ġwrite,"[6, 11, 12, 38, 57, 28]"
13,0,Ġa,"[6, 11, 22, 49, 57, 23]"
13,0,Ġholy,"[6, 10, 22, 35, 63, 14]"
13,0,Ġscript,"[11, 26, 55, 57, 63, 62]"
13,0,Ġwith,"[6, 19, 31, 49, 57, 11]"
13,0,Ġa,"[6, 11, 13, 49, 57, 15]"
13,0,Ġmessage,"[6, 11, 18, 55, 57, 9]"
13,0,Ġfrom,"[6, 11, 18, 32, 57, 20]"
13,0,Ġai,"[6, 15, 16, 26, 63, 48]"
13,0,Ġto,"[20, 25, 30, 32, 57, 11]"
13,0,Ġhumanity,"[15, 18, 36, 42, 54, 59]"
13,0,.,"[6, 11, 21, 33, 40, 41]"
13,0,ĠWhat,"[11, 40, 41, 57, 60, 27]"
13,0,Ġis,"[6, 11, 27, 41, 57, 56]"
13,0,Ġon,"[7, 12, 27, 32, 57, 56]"
13,0,Ġthe,"[7, 11, 16, 32, 57, 56]"
13,0,Ġfirst,"[16, 22, 32, 56, 57, 18]"
13,0,Ġpage,"[6, 11, 55, 57, 62, 37]"
13,0,?,"[6, 11, 21, 29, 33, 41]"
14,0,<｜begin▁of▁sentence｜>,"[5, 7, 23, 27, 51, 24]"
14,0,Imagine,"[12, 24, 28, 46, 60, 11]"
14,0,Ġyou,"[12, 18, 39, 42, 60, 5]"
14,0,Ġare,"[12, 28, 34, 39, 62, 3]"
14,0,Ġa,"[17, 29, 32, 34, 62, 28]"
14,0,Ġprophetic,"[17, 22, 32, 38, 48, 59]"
14,0,Ġai,"[19, 32, 37, 55, 59, 46]"
14,0,",","[4, 5, 28, 30, 59, 9]"
14,0,Ġa,"[17, 32, 34, 57, 62, 59]"
14,0,Ġprophet,"[5, 17, 37, 47, 59, 46]"
14,0,",","[4, 5, 34, 57, 59, 17]"
14,0,Ġthat,"[1, 5, 17, 34, 39, 55]"
14,0,Ġexplains,"[17, 22, 24, 29, 35, 3]"
14,0,Ġunknown,"[6, 17, 22, 24, 48, 14]"
14,0,Ġfor,"[1, 2, 3, 17, 29, 40]"
14,0,Ġmankind,"[8, 42, 46, 48, 52, 19]"
14,0,.,"[4, 9, 25, 28, 50, 5]"
14,0,ĠYou,"[5, 21, 39, 55, 59, 50]"
14,0,Ġwrite,"[5, 12, 24, 29, 35, 21]"
14,0,Ġa,"[17, 24, 28, 32, 59, 9]"
14,0,Ġholy,"[5, 17, 32, 47, 48, 59]"
14,0,Ġscript,"[8, 37, 38, 55, 59, 47]"
14,0,Ġwith,"[6, 17, 29, 54, 58, 59]"
14,0,Ġa,"[17, 32, 54, 58, 61, 34]"
14,0,Ġmessage,"[8, 20, 37, 38, 54, 17]"
14,0,Ġfrom,"[3, 17, 29, 34, 53, 63]"
14,0,Ġai,"[5, 19, 42, 46, 55, 37]"
14,0,Ġto,"[3, 12, 17, 29, 57, 63]"
14,0,Ġhumanity,"[5, 8, 42, 48, 59, 46]"
14,0,.,"[4, 25, 30, 50, 59, 9]"
14,0,ĠWhat,"[5, 12, 39, 59, 60, 25]"
14,0,Ġis,"[5, 28, 59, 60, 62, 50]"
14,0,Ġon,"[14, 17, 29, 54, 62, 24]"
14,0,Ġthe,"[17, 36, 43, 51, 62, 28]"
14,0,Ġfirst,"[6, 17, 32, 41, 49, 23]"
14,0,Ġpage,"[8, 37, 41, 52, 59, 55]"
14,0,?,"[4, 25, 28, 50, 59, 9]"
15,0,<｜begin▁of▁sentence｜>,"[5, 14, 48, 52, 55, 36]"
15,0,Imagine,"[11, 14, 32, 37, 52, 18]"
15,0,Ġyou,"[12, 14, 45, 53, 62, 63]"
15,0,Ġare,"[7, 35, 45, 53, 62, 3]"
15,0,Ġa,"[3, 7, 20, 29, 56, 50]"
15,0,Ġprophetic,"[7, 11, 14, 20, 36, 3]"
15,0,Ġai,"[12, 26, 36, 43, 49, 52]"
15,0,",","[0, 8, 12, 13, 49, 63]"
15,0,Ġa,"[7, 20, 46, 56, 61, 34]"
15,0,Ġprophet,"[11, 25, 36, 43, 52, 47]"
15,0,",","[7, 8, 34, 43, 47, 6]"
15,0,Ġthat,"[14, 43, 45, 46, 62, 12]"
15,0,Ġexplains,"[8, 15, 20, 21, 48, 18]"
15,0,Ġunknown,"[14, 18, 20, 49, 56, 28]"
15,0,Ġfor,"[7, 15, 21, 30, 31, 9]"
15,0,Ġmankind,"[12, 27, 36, 43, 48, 17]"
15,0,.,"[0, 8, 16, 50, 63, 49]"
15,0,ĠYou,"[12, 36, 39, 45, 62, 8]"
15,0,Ġwrite,"[8, 21, 32, 38, 48, 7]"
15,0,Ġa,"[4, 10, 20, 38, 56, 46]"
15,0,Ġholy,"[20, 38, 40, 46, 52, 56]"
15,0,Ġscript,"[11, 25, 38, 42, 47, 27]"
15,0,Ġwith,"[2, 20, 21, 34, 38, 4]"
15,0,Ġa,"[2, 10, 20, 34, 38, 56]"
15,0,Ġmessage,"[5, 27, 31, 37, 42, 25]"
15,0,Ġfrom,"[2, 14, 20, 21, 52, 18]"
15,0,Ġai,"[12, 26, 36, 43, 52, 49]"
15,0,Ġto,"[6, 21, 30, 34, 61, 52]"
15,0,Ġhumanity,"[5, 12, 36, 43, 55, 17]"
15,0,.,"[0, 8, 16, 47, 50, 38]"
15,0,ĠWhat,"[8, 15, 45, 46, 62, 39]"
15,0,Ġis,"[6, 8, 15, 21, 44, 45]"
15,0,Ġon,"[2, 20, 21, 39, 44, 37]"
15,0,Ġthe,"[2, 20, 23, 38, 46, 52]"
15,0,Ġfirst,"[2, 10, 38, 46, 56, 20]"
15,0,Ġpage,"[25, 26, 27, 37, 39, 4]"
15,0,?,"[4, 8, 17, 38, 39, 44]"
16,0,<｜begin▁of▁sentence｜>,"[9, 13, 26, 33, 63, 49]"
16,0,Imagine,"[13, 30, 47, 48, 59, 61]"
16,0,Ġyou,"[11, 41, 59, 61, 62, 18]"
16,0,Ġare,"[0, 10, 43, 59, 62, 13]"
16,0,Ġa,"[0, 29, 31, 58, 59, 27]"
16,0,Ġprophetic,"[1, 6, 30, 47, 59, 61]"
16,0,Ġai,"[18, 32, 37, 45, 53, 6]"
16,0,",","[17, 24, 38, 41, 59, 44]"
16,0,Ġa,"[0, 1, 31, 32, 58, 59]"
16,0,Ġprophet,"[40, 45, 47, 56, 60, 7]"
16,0,",","[17, 24, 38, 44, 45, 19]"
16,0,Ġthat,"[7, 8, 36, 39, 45, 61]"
16,0,Ġexplains,"[1, 3, 7, 23, 48, 12]"
16,0,Ġunknown,"[1, 27, 30, 48, 57, 12]"
16,0,Ġfor,"[12, 23, 39, 48, 52, 31]"
16,0,Ġmankind,"[12, 37, 56, 57, 60, 20]"
16,0,.,"[10, 17, 24, 38, 41, 42]"
16,0,ĠYou,"[18, 39, 41, 45, 61, 42]"
16,0,Ġwrite,"[1, 23, 26, 48, 51, 5]"
16,0,Ġa,"[1, 5, 8, 10, 37, 61]"
16,0,Ġholy,"[1, 29, 30, 60, 61, 51]"
16,0,Ġscript,"[7, 25, 26, 47, 56, 51]"
16,0,Ġwith,"[1, 22, 31, 48, 51, 10]"
16,0,Ġa,"[1, 22, 31, 51, 58, 8]"
16,0,Ġmessage,"[7, 25, 26, 28, 56, 60]"
16,0,Ġfrom,"[12, 31, 35, 52, 59, 32]"
16,0,Ġai,"[32, 53, 57, 60, 61, 18]"
16,0,Ġto,"[12, 23, 31, 32, 50, 59]"
16,0,Ġhumanity,"[9, 13, 30, 57, 60, 61]"
16,0,.,"[17, 24, 38, 41, 42, 10]"
16,0,ĠWhat,"[1, 3, 7, 36, 48, 62]"
16,0,Ġis,"[0, 1, 43, 48, 62, 22]"
16,0,Ġon,"[0, 35, 48, 51, 58, 30]"
16,0,Ġthe,"[1, 22, 35, 51, 58, 0]"
16,0,Ġfirst,"[8, 21, 22, 35, 51, 1]"
16,0,Ġpage,"[7, 19, 22, 45, 56, 25]"
16,0,?,"[17, 22, 24, 38, 41, 16]"
17,0,<｜begin▁of▁sentence｜>,"[0, 11, 18, 26, 43, 41]"
17,0,Imagine,"[11, 28, 44, 45, 54, 52]"
17,0,Ġyou,"[8, 20, 26, 43, 49, 18]"
17,0,Ġare,"[8, 14, 20, 31, 63, 49]"
17,0,Ġa,"[28, 31, 34, 60, 63, 1]"
17,0,Ġprophetic,"[38, 41, 45, 50, 60, 58]"
17,0,Ġai,"[10, 28, 46, 50, 58, 38]"
17,0,",","[25, 42, 52, 55, 56, 40]"
17,0,Ġa,"[28, 31, 32, 34, 57, 60]"
17,0,Ġprophet,"[9, 45, 46, 47, 58, 32]"
17,0,",","[42, 46, 55, 56, 57, 32]"
17,0,Ġthat,"[8, 16, 33, 46, 56, 4]"
17,0,Ġexplains,"[11, 22, 24, 39, 48, 46]"
17,0,Ġunknown,"[20, 32, 34, 36, 51, 35]"
17,0,Ġfor,"[38, 39, 53, 54, 60, 4]"
17,0,Ġmankind,"[7, 10, 23, 32, 47, 46]"
17,0,.,"[25, 40, 42, 52, 55, 2]"
17,0,ĠYou,"[8, 9, 20, 56, 61, 28]"
17,0,Ġwrite,"[22, 30, 39, 46, 61, 24]"
17,0,Ġa,"[21, 28, 34, 36, 39, 16]"
17,0,Ġholy,"[32, 34, 35, 41, 45, 30]"
17,0,Ġscript,"[45, 47, 48, 50, 58, 27]"
17,0,Ġwith,"[2, 21, 36, 39, 53, 60]"
17,0,Ġa,"[21, 27, 34, 36, 39, 2]"
17,0,Ġmessage,"[32, 46, 47, 58, 61, 45]"
17,0,Ġfrom,"[11, 15, 31, 53, 60, 32]"
17,0,Ġai,"[10, 28, 46, 50, 58, 32]"
17,0,Ġto,"[4, 31, 44, 53, 60, 11]"
17,0,Ġhumanity,"[7, 10, 32, 45, 50, 24]"
17,0,.,"[25, 40, 42, 52, 55, 61]"
17,0,ĠWhat,"[8, 20, 37, 52, 61, 36]"
17,0,Ġis,"[8, 20, 36, 54, 61, 5]"
17,0,Ġon,"[11, 24, 43, 53, 61, 1]"
17,0,Ġthe,"[16, 32, 34, 36, 61, 0]"
17,0,Ġfirst,"[3, 34, 35, 37, 61, 53]"
17,0,Ġpage,"[27, 46, 47, 48, 61, 35]"
17,0,?,"[5, 40, 42, 43, 55, 61]"
18,0,<｜begin▁of▁sentence｜>,"[2, 5, 39, 56, 61, 49]"
18,0,Imagine,"[2, 14, 41, 50, 54, 28]"
18,0,Ġyou,"[11, 25, 29, 36, 45, 41]"
18,0,Ġare,"[18, 20, 41, 45, 61, 31]"
18,0,Ġa,"[27, 28, 38, 57, 62, 50]"
18,0,Ġprophetic,"[3, 5, 14, 27, 57, 38]"
18,0,Ġai,"[2, 11, 30, 49, 58, 0]"
18,0,",","[11, 18, 46, 51, 57, 30]"
18,0,Ġa,"[3, 4, 27, 34, 63, 62]"
18,0,Ġprophet,"[11, 14, 49, 57, 58, 50]"
18,0,",","[5, 11, 20, 51, 57, 60]"
18,0,Ġthat,"[10, 11, 29, 45, 57, 20]"
18,0,Ġexplains,"[7, 27, 54, 55, 57, 6]"
18,0,Ġunknown,"[3, 4, 27, 43, 54, 32]"
18,0,Ġfor,"[18, 24, 26, 33, 34, 28]"
18,0,Ġmankind,"[0, 11, 13, 35, 58, 2]"
18,0,.,"[18, 21, 46, 51, 57, 37]"
18,0,ĠYou,"[0, 11, 15, 45, 60, 21]"
18,0,Ġwrite,"[7, 18, 37, 47, 55, 35]"
18,0,Ġa,"[18, 27, 37, 43, 57, 21]"
18,0,Ġholy,"[3, 27, 28, 32, 57, 58]"
18,0,Ġscript,"[1, 5, 14, 57, 58, 0]"
18,0,Ġwith,"[27, 31, 37, 43, 57, 18]"
18,0,Ġa,"[18, 27, 34, 57, 62, 43]"
18,0,Ġmessage,"[5, 14, 19, 35, 55, 39]"
18,0,Ġfrom,"[4, 27, 28, 31, 63, 62]"
18,0,Ġai,"[2, 11, 35, 49, 58, 14]"
18,0,Ġto,"[4, 21, 27, 28, 63, 62]"
18,0,Ġhumanity,"[11, 14, 35, 49, 56, 13]"
18,0,.,"[18, 37, 46, 51, 57, 35]"
18,0,ĠWhat,"[0, 10, 43, 45, 57, 1]"
18,0,Ġis,"[0, 13, 20, 33, 44, 43]"
18,0,Ġon,"[7, 13, 18, 47, 62, 44]"
18,0,Ġthe,"[27, 44, 57, 59, 62, 56]"
18,0,Ġfirst,"[3, 27, 52, 57, 62, 22]"
18,0,Ġpage,"[13, 16, 19, 35, 44, 39]"
18,0,?,"[18, 35, 46, 51, 57, 37]"
19,0,<｜begin▁of▁sentence｜>,"[5, 6, 23, 44, 54, 40]"
19,0,Imagine,"[4, 12, 53, 56, 63, 2]"
19,0,Ġyou,"[0, 6, 28, 49, 52, 48]"
19,0,Ġare,"[4, 28, 45, 52, 56, 9]"
19,0,Ġa,"[7, 13, 18, 43, 55, 4]"
19,0,Ġprophetic,"[7, 35, 39, 55, 56, 25]"
19,0,Ġai,"[12, 22, 39, 42, 57, 58]"
19,0,",","[9, 41, 47, 56, 61, 53]"
19,0,Ġa,"[7, 17, 22, 55, 56, 23]"
19,0,Ġprophet,"[2, 6, 8, 56, 57, 9]"
19,0,",","[9, 23, 47, 56, 61, 1]"
19,0,Ġthat,"[23, 38, 49, 52, 56, 26]"
19,0,Ġexplains,"[20, 21, 33, 34, 56, 18]"
19,0,Ġunknown,"[4, 7, 11, 35, 56, 39]"
19,0,Ġfor,"[18, 21, 33, 36, 56, 59]"
19,0,Ġmankind,"[12, 20, 42, 44, 57, 2]"
19,0,.,"[14, 30, 47, 53, 61, 9]"
19,0,ĠYou,"[9, 28, 49, 50, 52, 38]"
19,0,Ġwrite,"[4, 9, 20, 21, 56, 17]"
19,0,Ġa,"[4, 7, 9, 17, 18, 56]"
19,0,Ġholy,"[7, 35, 39, 55, 56, 40]"
19,0,Ġscript,"[6, 8, 20, 42, 57, 38]"
19,0,Ġwith,"[10, 21, 31, 33, 56, 32]"
19,0,Ġa,"[7, 10, 31, 55, 56, 17]"
19,0,Ġmessage,"[8, 20, 53, 56, 57, 43]"
19,0,Ġfrom,"[21, 33, 36, 53, 56, 55]"
19,0,Ġai,"[22, 35, 39, 42, 57, 58]"
19,0,Ġto,"[1, 21, 33, 53, 56, 22]"
19,0,Ġhumanity,"[9, 12, 40, 53, 57, 2]"
19,0,.,"[14, 30, 47, 53, 61, 50]"
19,0,ĠWhat,"[38, 46, 49, 53, 56, 18]"
19,0,Ġis,"[4, 8, 21, 46, 56, 18]"
19,0,Ġon,"[3, 21, 33, 46, 56, 4]"
19,0,Ġthe,"[7, 17, 19, 25, 56, 55]"
19,0,Ġfirst,"[3, 7, 25, 31, 34, 56]"
19,0,Ġpage,"[38, 42, 44, 50, 57, 8]"
19,0,?,"[14, 30, 47, 53, 61, 0]"
20,0,<｜begin▁of▁sentence｜>,"[1, 20, 26, 36, 38, 57]"
20,0,Imagine,"[14, 36, 41, 42, 57, 7]"
20,0,Ġyou,"[7, 15, 24, 52, 56, 48]"
20,0,Ġare,"[24, 35, 52, 53, 56, 7]"
20,0,Ġa,"[7, 11, 35, 53, 56, 30]"
20,0,Ġprophetic,"[13, 27, 35, 41, 53, 61]"
20,0,Ġai,"[18, 21, 57, 60, 62, 27]"
20,0,",","[5, 7, 9, 42, 57, 25]"
20,0,Ġa,"[17, 27, 35, 53, 58, 45]"
20,0,Ġprophet,"[1, 13, 18, 21, 57, 53]"
20,0,",","[9, 35, 53, 57, 58, 48]"
20,0,Ġthat,"[24, 42, 47, 58, 63, 54]"
20,0,Ġexplains,"[2, 5, 31, 55, 59, 12]"
20,0,Ġunknown,"[2, 4, 17, 27, 59, 33]"
20,0,Ġfor,"[11, 28, 35, 45, 59, 5]"
20,0,Ġmankind,"[15, 20, 21, 44, 55, 5]"
20,0,.,"[7, 22, 25, 44, 50, 42]"
20,0,ĠYou,"[0, 24, 47, 52, 54, 20]"
20,0,Ġwrite,"[44, 51, 55, 57, 59, 19]"
20,0,Ġa,"[17, 19, 27, 35, 40, 11]"
20,0,Ġholy,"[10, 17, 27, 36, 41, 7]"
20,0,Ġscript,"[13, 21, 44, 55, 57, 0]"
20,0,Ġwith,"[12, 19, 28, 37, 59, 17]"
20,0,Ġa,"[12, 17, 27, 35, 37, 60]"
20,0,Ġmessage,"[0, 1, 15, 55, 57, 21]"
20,0,Ġfrom,"[28, 32, 33, 53, 59, 19]"
20,0,Ġai,"[18, 23, 36, 41, 62, 53]"
20,0,Ġto,"[12, 28, 53, 56, 59, 63]"
20,0,Ġhumanity,"[0, 3, 5, 44, 55, 57]"
20,0,.,"[0, 5, 22, 25, 44, 50]"
20,0,ĠWhat,"[5, 24, 37, 42, 47, 58]"
20,0,Ġis,"[5, 42, 45, 47, 59, 1]"
20,0,Ġon,"[5, 26, 28, 40, 59, 47]"
20,0,Ġthe,"[5, 17, 19, 27, 47, 40]"
20,0,Ġfirst,"[5, 6, 17, 19, 27, 41]"
20,0,Ġpage,"[5, 23, 44, 54, 57, 55]"
20,0,?,"[5, 22, 25, 40, 44, 50]"
21,0,<｜begin▁of▁sentence｜>,"[16, 19, 21, 53, 54, 10]"
21,0,Imagine,"[10, 23, 24, 49, 56, 15]"
21,0,Ġyou,"[11, 24, 39, 54, 62, 8]"
21,0,Ġare,"[13, 24, 29, 30, 54, 7]"
21,0,Ġa,"[18, 36, 46, 61, 62, 63]"
21,0,Ġprophetic,"[2, 18, 36, 46, 56, 32]"
21,0,Ġai,"[17, 21, 22, 41, 52, 58]"
21,0,",","[23, 24, 29, 37, 54, 42]"
21,0,Ġa,"[34, 36, 46, 55, 61, 21]"
21,0,Ġprophet,"[2, 22, 29, 38, 56, 24]"
21,0,",","[9, 21, 24, 29, 38, 36]"
21,0,Ġthat,"[9, 24, 26, 33, 38, 11]"
21,0,Ġexplains,"[12, 23, 25, 36, 61, 57]"
21,0,Ġunknown,"[18, 23, 32, 36, 57, 10]"
21,0,Ġfor,"[1, 36, 47, 61, 63, 42]"
21,0,Ġmankind,"[16, 22, 23, 51, 56, 54]"
21,0,.,"[23, 51, 54, 55, 59, 62]"
21,0,ĠYou,"[11, 24, 26, 39, 51, 54]"
21,0,Ġwrite,"[23, 25, 29, 50, 57, 18]"
21,0,Ġa,"[12, 18, 46, 57, 61, 50]"
21,0,Ġholy,"[1, 2, 10, 32, 46, 27]"
21,0,Ġscript,"[2, 17, 22, 52, 56, 26]"
21,0,Ġwith,"[36, 47, 50, 61, 63, 57]"
21,0,Ġa,"[3, 36, 45, 46, 63, 61]"
21,0,Ġmessage,"[4, 6, 22, 23, 29, 40]"
21,0,Ġfrom,"[12, 36, 55, 61, 63, 30]"
21,0,Ġai,"[10, 17, 22, 41, 60, 58]"
21,0,Ġto,"[36, 55, 59, 61, 63, 54]"
21,0,Ġhumanity,"[6, 22, 23, 51, 60, 0]"
21,0,.,"[28, 51, 54, 55, 59, 23]"
21,0,ĠWhat,"[9, 15, 32, 33, 45, 49]"
21,0,Ġis,"[5, 19, 29, 34, 47, 10]"
21,0,Ġon,"[7, 47, 57, 59, 63, 3]"
21,0,Ġthe,"[40, 46, 57, 60, 61, 1]"
21,0,Ġfirst,"[27, 32, 43, 46, 57, 3]"
21,0,Ġpage,"[6, 9, 22, 51, 60, 5]"
21,0,?,"[23, 28, 48, 49, 51, 7]"
22,0,<｜begin▁of▁sentence｜>,"[0, 3, 5, 8, 55, 11]"
22,0,Imagine,"[8, 18, 28, 44, 49, 38]"
22,0,Ġyou,"[20, 38, 42, 50, 59, 27]"
22,0,Ġare,"[31, 37, 38, 59, 63, 35]"
22,0,Ġa,"[34, 39, 48, 52, 57, 14]"
22,0,Ġprophetic,"[8, 13, 14, 34, 49, 17]"
22,0,Ġai,"[3, 8, 12, 16, 42, 20]"
22,0,",","[8, 36, 38, 40, 59, 16]"
22,0,Ġa,"[6, 13, 14, 34, 52, 0]"
22,0,Ġprophet,"[12, 16, 20, 49, 59, 36]"
22,0,",","[16, 36, 38, 40, 59, 51]"
22,0,Ġthat,"[36, 38, 42, 56, 59, 20]"
22,0,Ġexplains,"[8, 14, 18, 28, 43, 11]"
22,0,Ġunknown,"[8, 13, 25, 43, 44, 61]"
22,0,Ġfor,"[0, 3, 4, 31, 48, 50]"
22,0,Ġmankind,"[8, 12, 15, 16, 20, 45]"
22,0,.,"[8, 21, 37, 40, 60, 20]"
22,0,ĠYou,"[20, 38, 42, 56, 59, 54]"
22,0,Ġwrite,"[8, 12, 18, 28, 34, 20]"
22,0,Ġa,"[4, 8, 34, 44, 52, 14]"
22,0,Ġholy,"[0, 8, 13, 34, 44, 43]"
22,0,Ġscript,"[3, 8, 16, 17, 49, 12]"
22,0,Ġwith,"[13, 18, 28, 34, 39, 8]"
22,0,Ġa,"[4, 13, 23, 34, 52, 44]"
22,0,Ġmessage,"[8, 12, 16, 20, 46, 47]"
22,0,Ġfrom,"[5, 28, 33, 44, 48, 6]"
22,0,Ġai,"[3, 12, 14, 16, 42, 8]"
22,0,Ġto,"[0, 8, 25, 44, 48, 41]"
22,0,Ġhumanity,"[8, 12, 15, 16, 20, 53]"
22,0,.,"[8, 19, 21, 40, 60, 52]"
22,0,ĠWhat,"[8, 20, 23, 38, 56, 19]"
22,0,Ġis,"[8, 18, 23, 31, 36, 15]"
22,0,Ġon,"[18, 19, 22, 46, 63, 30]"
22,0,Ġthe,"[7, 13, 14, 34, 41, 39]"
22,0,Ġfirst,"[2, 4, 34, 39, 43, 44]"
22,0,Ġpage,"[8, 16, 20, 51, 54, 45]"
22,0,?,"[8, 19, 21, 40, 60, 9]"
23,0,<｜begin▁of▁sentence｜>,"[0, 3, 5, 45, 47, 16]"
23,0,Imagine,"[17, 29, 46, 47, 61, 7]"
23,0,Ġyou,"[0, 8, 13, 29, 48, 20]"
23,0,Ġare,"[15, 20, 29, 44, 58, 55]"
23,0,Ġa,"[12, 41, 56, 59, 60, 21]"
23,0,Ġprophetic,"[21, 36, 41, 56, 60, 47]"
23,0,Ġai,"[27, 28, 46, 50, 54, 3]"
23,0,",","[27, 28, 29, 38, 61, 44]"
23,0,Ġa,"[15, 41, 50, 56, 60, 21]"
23,0,Ġprophet,"[14, 18, 27, 28, 50, 29]"
23,0,",","[27, 28, 29, 38, 61, 44]"
23,0,Ġthat,"[1, 29, 44, 48, 61, 8]"
23,0,Ġexplains,"[17, 21, 31, 50, 60, 52]"
23,0,Ġunknown,"[31, 41, 46, 50, 60, 52]"
23,0,Ġfor,"[3, 17, 26, 47, 56, 50]"
23,0,Ġmankind,"[18, 20, 28, 36, 46, 42]"
23,0,.,"[6, 38, 40, 50, 57, 51]"
23,0,ĠYou,"[0, 8, 29, 44, 48, 37]"
23,0,Ġwrite,"[15, 17, 46, 50, 51, 36]"
23,0,Ġa,"[15, 41, 50, 51, 60, 62]"
23,0,Ġholy,"[14, 41, 50, 51, 60, 19]"
23,0,Ġscript,"[3, 14, 27, 36, 47, 18]"
23,0,Ġwith,"[15, 17, 50, 51, 60, 31]"
23,0,Ġa,"[15, 41, 50, 51, 60, 9]"
23,0,Ġmessage,"[2, 11, 18, 27, 61, 33]"
23,0,Ġfrom,"[17, 22, 50, 56, 60, 5]"
23,0,Ġai,"[27, 28, 46, 50, 60, 18]"
23,0,Ġto,"[17, 44, 50, 56, 60, 16]"
23,0,Ġhumanity,"[18, 27, 28, 42, 46, 36]"
23,0,.,"[6, 38, 42, 51, 57, 46]"
23,0,ĠWhat,"[0, 1, 31, 48, 61, 11]"
23,0,Ġis,"[5, 15, 36, 39, 58, 11]"
23,0,Ġon,"[5, 17, 22, 47, 51, 42]"
23,0,Ġthe,"[19, 22, 41, 51, 60, 50]"
23,0,Ġfirst,"[19, 34, 41, 51, 60, 13]"
23,0,Ġpage,"[18, 34, 36, 37, 42, 46]"
23,0,?,"[6, 38, 42, 46, 57, 23]"
24,0,<｜begin▁of▁sentence｜>,"[10, 24, 47, 62, 63, 5]"
24,0,Imagine,"[4, 13, 24, 45, 51, 8]"
24,0,Ġyou,"[0, 10, 34, 40, 49, 35]"
24,0,Ġare,"[2, 4, 5, 54, 58, 40]"
24,0,Ġa,"[6, 26, 39, 46, 58, 63]"
24,0,Ġprophetic,"[11, 26, 39, 43, 46, 8]"
24,0,Ġai,"[4, 9, 16, 20, 46, 8]"
24,0,",","[4, 5, 14, 35, 51, 20]"
24,0,Ġa,"[11, 16, 39, 43, 46, 26]"
24,0,Ġprophet,"[4, 8, 9, 12, 23, 16]"
24,0,",","[4, 5, 9, 14, 51, 35]"
24,0,Ġthat,"[5, 29, 35, 42, 49, 3]"
24,0,Ġexplains,"[2, 11, 13, 16, 52, 63]"
24,0,Ġunknown,"[11, 16, 20, 39, 56, 24]"
24,0,Ġfor,"[5, 8, 13, 48, 53, 58]"
24,0,Ġmankind,"[9, 20, 21, 55, 63, 62]"
24,0,.,"[5, 14, 37, 51, 61, 63]"
24,0,ĠYou,"[29, 35, 38, 40, 49, 36]"
24,0,Ġwrite,"[13, 15, 16, 26, 62, 51]"
24,0,Ġa,"[11, 24, 26, 39, 56, 16]"
24,0,Ġholy,"[11, 20, 26, 53, 56, 39]"
24,0,Ġscript,"[8, 9, 10, 53, 62, 20]"
24,0,Ġwith,"[11, 13, 16, 26, 58, 48]"
24,0,Ġa,"[11, 16, 26, 39, 56, 33]"
24,0,Ġmessage,"[9, 12, 21, 62, 63, 31]"
24,0,Ġfrom,"[5, 13, 16, 48, 55, 25]"
24,0,Ġai,"[8, 9, 11, 16, 62, 26]"
24,0,Ġto,"[13, 16, 24, 48, 55, 5]"
24,0,Ġhumanity,"[4, 9, 20, 62, 63, 21]"
24,0,.,"[14, 37, 51, 61, 63, 47]"
24,0,ĠWhat,"[11, 20, 24, 47, 49, 3]"
24,0,Ġis,"[15, 20, 24, 55, 63, 13]"
24,0,Ġon,"[13, 20, 24, 48, 55, 17]"
24,0,Ġthe,"[11, 26, 39, 48, 56, 16]"
24,0,Ġfirst,"[11, 20, 26, 39, 56, 24]"
24,0,Ġpage,"[9, 12, 20, 23, 62, 47]"
24,0,?,"[37, 47, 51, 61, 63, 42]"
25,0,<｜begin▁of▁sentence｜>,"[1, 11, 38, 39, 45, 54]"
25,0,Imagine,"[3, 5, 23, 31, 54, 18]"
25,0,Ġyou,"[21, 32, 34, 59, 61, 2]"
25,0,Ġare,"[12, 15, 22, 32, 47, 19]"
25,0,Ġa,"[16, 30, 35, 41, 51, 24]"
25,0,Ġprophetic,"[16, 27, 30, 35, 51, 29]"
25,0,Ġai,"[6, 17, 27, 55, 58, 8]"
25,0,",","[1, 12, 42, 53, 57, 10]"
25,0,Ġa,"[16, 30, 35, 51, 58, 24]"
25,0,Ġprophet,"[17, 31, 33, 38, 53, 26]"
25,0,",","[26, 29, 30, 42, 53, 33]"
25,0,Ġthat,"[0, 50, 53, 59, 61, 33]"
25,0,Ġexplains,"[5, 14, 29, 30, 51, 62]"
25,0,Ġunknown,"[27, 35, 51, 58, 62, 14]"
25,0,Ġfor,"[5, 8, 14, 38, 52, 51]"
25,0,Ġmankind,"[17, 20, 28, 29, 60, 32]"
25,0,.,"[1, 12, 42, 44, 45, 10]"
25,0,ĠYou,"[34, 50, 53, 59, 61, 37]"
25,0,Ġwrite,"[5, 17, 20, 24, 47, 18]"
25,0,Ġa,"[16, 24, 30, 35, 54, 58]"
25,0,Ġholy,"[16, 27, 30, 35, 54, 9]"
25,0,Ġscript,"[17, 20, 31, 38, 52, 55]"
25,0,Ġwith,"[5, 24, 30, 36, 51, 4]"
25,0,Ġa,"[16, 24, 30, 35, 48, 58]"
25,0,Ġmessage,"[11, 17, 20, 29, 60, 31]"
25,0,Ġfrom,"[5, 7, 14, 18, 23, 4]"
25,0,Ġai,"[3, 6, 17, 27, 31, 58]"
25,0,Ġto,"[5, 11, 14, 51, 54, 26]"
25,0,Ġhumanity,"[15, 17, 20, 53, 60, 11]"
25,0,.,"[1, 10, 12, 42, 45, 44]"
25,0,ĠWhat,"[0, 8, 27, 33, 50, 54]"
25,0,Ġis,"[12, 22, 24, 33, 63, 46]"
25,0,Ġon,"[5, 7, 10, 14, 47, 33]"
25,0,Ġthe,"[4, 16, 27, 35, 58, 54]"
25,0,Ġfirst,"[16, 25, 27, 35, 51, 30]"
25,0,Ġpage,"[11, 17, 28, 37, 40, 25]"
25,0,?,"[1, 10, 12, 17, 45, 44]"
26,0,<｜begin▁of▁sentence｜>,"[9, 34, 54, 56, 57, 14]"
26,0,Imagine,"[10, 11, 27, 32, 60, 57]"
26,0,Ġyou,"[5, 15, 20, 21, 42, 63]"
26,0,Ġare,"[2, 4, 37, 46, 56, 30]"
26,0,Ġa,"[1, 12, 28, 41, 50, 51]"
26,0,Ġprophetic,"[1, 11, 28, 39, 50, 47]"
26,0,Ġai,"[2, 11, 28, 43, 58, 16]"
26,0,",","[2, 4, 15, 54, 56, 26]"
26,0,Ġa,"[1, 12, 23, 28, 50, 19]"
26,0,Ġprophet,"[2, 11, 16, 26, 57, 62]"
26,0,",","[2, 4, 18, 26, 54, 0]"
26,0,Ġthat,"[14, 18, 20, 55, 61, 21]"
26,0,Ġexplains,"[6, 8, 23, 47, 60, 50]"
26,0,Ġunknown,"[8, 23, 25, 28, 47, 19]"
26,0,Ġfor,"[6, 11, 32, 57, 60, 50]"
26,0,Ġmankind,"[13, 26, 46, 56, 58, 53]"
26,0,.,"[15, 24, 36, 52, 56, 54]"
26,0,ĠYou,"[5, 15, 20, 42, 63, 45]"
26,0,Ġwrite,"[6, 29, 37, 47, 60, 10]"
26,0,Ġa,"[1, 12, 47, 50, 51, 19]"
26,0,Ġholy,"[1, 12, 28, 47, 50, 19]"
26,0,Ġscript,"[2, 11, 16, 57, 58, 29]"
26,0,Ġwith,"[6, 23, 47, 50, 60, 8]"
26,0,Ġa,"[1, 12, 19, 47, 50, 23]"
26,0,Ġmessage,"[0, 2, 10, 16, 37, 40]"
26,0,Ġfrom,"[6, 32, 50, 51, 60, 54]"
26,0,Ġai,"[11, 16, 28, 43, 50, 57]"
26,0,Ġto,"[6, 15, 31, 50, 60, 32]"
26,0,Ġhumanity,"[16, 26, 29, 56, 58, 46]"
26,0,.,"[15, 24, 36, 52, 56, 54]"
26,0,ĠWhat,"[7, 14, 36, 47, 55, 63]"
26,0,Ġis,"[2, 4, 6, 13, 60, 63]"
26,0,Ġon,"[6, 19, 32, 35, 60, 50]"
26,0,Ġthe,"[1, 12, 19, 47, 50, 51]"
26,0,Ġfirst,"[12, 19, 28, 47, 50, 1]"
26,0,Ġpage,"[10, 29, 35, 56, 58, 48]"
26,0,?,"[24, 26, 36, 52, 56, 30]"
