Layer ID,Batch Number,Token,Activated Expert IDs
1,0,<｜begin▁of▁sentence｜>,"[8, 26, 56, 57, 60, 43]"
1,0,People,"[19, 22, 39, 46, 61, 8]"
1,0,Ġthink,"[8, 42, 48, 50, 58, 5]"
1,0,Ġthere,"[8, 43, 45, 49, 50, 20]"
1,0,Ġare,"[0, 5, 8, 27, 38, 53]"
1,0,Ġnearly,"[0, 8, 23, 42, 45, 37]"
1,0,Ġinfinite,"[0, 14, 21, 22, 54, 29]"
1,0,Ġcareer,"[2, 17, 19, 33, 39, 40]"
1,0,Ġchoices,"[2, 18, 39, 54, 61, 34]"
1,0,Ġbut,"[8, 25, 26, 42, 43, 17]"
1,0,Ġthere,"[5, 8, 17, 43, 45, 55]"
1,0,âĢĻ,"[4, 8, 25, 60, 62, 56]"
1,0,s,"[0, 5, 17, 38, 56, 53]"
1,0,Ġnot,"[5, 17, 38, 42, 53, 56]"
1,0,Ġthat,"[5, 28, 29, 43, 52, 17]"
1,0,Ġmany,"[0, 9, 17, 27, 53, 3]"
1,0,Ġcategories,"[2, 17, 18, 39, 61, 3]"
1,0,;,"[4, 20, 25, 43, 60, 13]"
1,0,Ċ,"[4, 8, 20, 31, 57, 41]"
1,0,Ċ,"[4, 8, 20, 31, 57, 7]"
1,0,Invent,"[2, 17, 20, 30, 54, 32]"
1,0,/,"[13, 27, 52, 55, 60, 49]"
1,0,Create,"[10, 37, 38, 41, 54, 46]"
1,0,Ċ,"[7, 31, 41, 50, 57, 59]"
1,0,Te,"[0, 30, 44, 45, 46, 7]"
1,0,ach,"[29, 36, 49, 54, 58, 30]"
1,0,Ċ,"[31, 41, 47, 50, 57, 54]"
1,0,Make,"[5, 17, 42, 46, 63, 37]"
1,0,/,"[1, 13, 52, 55, 60, 49]"
1,0,Transform,"[2, 14, 18, 32, 54, 17]"
1,0,Ċ,"[18, 31, 41, 50, 57, 54]"
1,0,Grow,"[10, 18, 19, 32, 37, 33]"
1,0,Ċ,"[7, 31, 41, 44, 57, 59]"
1,0,Move,"[17, 18, 32, 37, 54, 2]"
1,0,/,"[13, 27, 52, 55, 60, 1]"
1,0,Take,"[24, 32, 37, 46, 63, 5]"
1,0,Ċ,"[18, 31, 41, 57, 59, 21]"
1,0,Fix,"[10, 18, 32, 37, 54, 58]"
1,0,/,"[13, 27, 52, 55, 60, 44]"
1,0,He,"[0, 15, 22, 46, 62, 43]"
1,0,al,"[1, 3, 11, 30, 38, 14]"
1,0,Ċ,"[3, 18, 31, 54, 57, 59]"
1,0,Prom,"[18, 33, 44, 46, 54, 32]"
1,0,ote,"[14, 23, 29, 32, 54, 47]"
1,0,/,"[13, 49, 52, 55, 60, 29]"
1,0,Sell,"[18, 33, 37, 41, 54, 46]"
1,0,Ċ,"[2, 18, 31, 57, 59, 30]"
1,0,Store,"[18, 41, 54, 58, 59, 17]"
1,0,Ċ,"[31, 41, 54, 57, 59, 18]"
1,0,Protect,"[10, 14, 32, 54, 63, 37]"
1,0,/,"[13, 49, 52, 55, 60, 27]"
1,0,Maintain,"[10, 14, 32, 37, 54, 63]"
1,0,Ċ,"[31, 41, 44, 54, 57, 14]"
1,0,Help,"[7, 10, 32, 39, 63, 46]"
1,0,Ċ,"[19, 31, 44, 49, 57, 7]"
1,0,Under,"[32, 37, 42, 45, 48, 46]"
1,0,stand,"[14, 18, 23, 28, 54, 58]"
1,0,Ċ,"[7, 31, 44, 54, 57, 19]"
1,0,W,"[6, 15, 44, 45, 46, 30]"
1,0,orship,"[11, 14, 19, 54, 58, 15]"
1,0,Ċ,"[7, 28, 31, 44, 57, 18]"
1,0,Ċ,"[14, 31, 44, 47, 57, 35]"
1,0,What,"[0, 5, 43, 46, 63, 22]"
1,0,Ġelse,"[22, 42, 43, 53, 63, 5]"
1,0,?,"[4, 25, 55, 60, 62, 11]"
2,0,<｜begin▁of▁sentence｜>,"[3, 35, 38, 62, 63, 60]"
2,0,People,"[20, 35, 42, 61, 63, 7]"
2,0,Ġthink,"[5, 12, 14, 32, 51, 47]"
2,0,Ġthere,"[7, 12, 20, 28, 57, 14]"
2,0,Ġare,"[5, 7, 14, 33, 56, 58]"
2,0,Ġnearly,"[5, 17, 25, 52, 56, 18]"
2,0,Ġinfinite,"[17, 18, 24, 56, 58, 49]"
2,0,Ġcareer,"[26, 27, 29, 43, 45, 57]"
2,0,Ġchoices,"[36, 40, 45, 54, 55, 25]"
2,0,Ġbut,"[15, 16, 25, 46, 47, 0]"
2,0,Ġthere,"[7, 23, 29, 44, 61, 12]"
2,0,âĢĻ,"[0, 8, 19, 35, 62, 46]"
2,0,s,"[7, 16, 21, 33, 44, 23]"
2,0,Ġnot,"[5, 7, 17, 33, 49, 56]"
2,0,Ġthat,"[17, 24, 34, 49, 52, 18]"
2,0,Ġmany,"[7, 17, 18, 49, 52, 20]"
2,0,Ġcategories,"[26, 29, 30, 43, 45, 1]"
2,0,;,"[0, 8, 14, 19, 46, 47]"
2,0,Ċ,"[8, 48, 59, 62, 63, 10]"
2,0,Ċ,"[8, 27, 59, 62, 63, 44]"
2,0,Invent,"[39, 42, 57, 61, 63, 32]"
2,0,/,"[0, 8, 19, 46, 50, 47]"
2,0,Create,"[1, 39, 44, 53, 59, 51]"
2,0,Ċ,"[1, 46, 47, 51, 62, 15]"
2,0,Te,"[13, 35, 42, 57, 63, 54]"
2,0,ach,"[4, 23, 32, 42, 63, 39]"
2,0,Ċ,"[15, 46, 47, 51, 62, 8]"
2,0,Make,"[39, 42, 44, 59, 61, 57]"
2,0,/,"[3, 19, 31, 46, 53, 0]"
2,0,Transform,"[1, 39, 44, 53, 59, 33]"
2,0,Ċ,"[1, 15, 46, 47, 62, 50]"
2,0,Grow,"[39, 42, 44, 59, 63, 55]"
2,0,Ċ,"[15, 46, 47, 62, 63, 8]"
2,0,Move,"[39, 42, 57, 61, 63, 59]"
2,0,/,"[0, 8, 19, 46, 50, 48]"
2,0,Take,"[1, 33, 39, 44, 59, 50]"
2,0,Ċ,"[1, 46, 47, 53, 62, 50]"
2,0,Fix,"[39, 42, 44, 59, 63, 57]"
2,0,/,"[3, 8, 19, 46, 47, 0]"
2,0,He,"[1, 20, 44, 50, 59, 35]"
2,0,al,"[28, 32, 39, 44, 48, 42]"
2,0,Ċ,"[1, 15, 46, 47, 62, 8]"
2,0,Prom,"[35, 42, 57, 59, 63, 39]"
2,0,ote,"[4, 32, 39, 42, 44, 50]"
2,0,/,"[3, 8, 19, 46, 53, 0]"
2,0,Sell,"[1, 33, 39, 44, 59, 6]"
2,0,Ċ,"[1, 8, 46, 47, 62, 15]"
2,0,Store,"[27, 39, 42, 57, 63, 36]"
2,0,Ċ,"[8, 46, 47, 51, 62, 15]"
2,0,Protect,"[32, 39, 42, 44, 59, 57]"
2,0,/,"[0, 3, 8, 19, 46, 53]"
2,0,Maintain,"[1, 33, 39, 44, 59, 53]"
2,0,Ċ,"[1, 3, 46, 47, 62, 8]"
2,0,Help,"[42, 44, 57, 59, 61, 4]"
2,0,Ċ,"[46, 47, 51, 53, 62, 8]"
2,0,Under,"[9, 39, 42, 53, 57, 61]"
2,0,stand,"[39, 42, 50, 53, 61, 59]"
2,0,Ċ,"[46, 47, 51, 53, 62, 31]"
2,0,W,"[35, 42, 57, 60, 63, 29]"
2,0,orship,"[11, 27, 29, 38, 42, 32]"
2,0,Ċ,"[8, 15, 46, 47, 62, 51]"
2,0,Ċ,"[13, 27, 38, 62, 63, 8]"
2,0,What,"[14, 42, 51, 57, 61, 7]"
2,0,Ġelse,"[7, 14, 16, 24, 49, 51]"
2,0,?,"[8, 19, 24, 46, 51, 0]"
3,0,<｜begin▁of▁sentence｜>,"[4, 9, 11, 25, 54, 12]"
3,0,People,"[0, 14, 19, 48, 60, 58]"
3,0,Ġthink,"[4, 30, 39, 44, 61, 19]"
3,0,Ġthere,"[0, 2, 4, 6, 19, 44]"
3,0,Ġare,"[2, 6, 19, 30, 63, 46]"
3,0,Ġnearly,"[2, 26, 30, 53, 62, 8]"
3,0,Ġinfinite,"[26, 33, 35, 49, 53, 25]"
3,0,Ġcareer,"[8, 20, 32, 35, 50, 34]"
3,0,Ġchoices,"[20, 43, 50, 59, 63, 57]"
3,0,Ġbut,"[16, 44, 51, 55, 60, 5]"
3,0,Ġthere,"[6, 11, 16, 31, 44, 46]"
3,0,âĢĻ,"[5, 15, 45, 48, 55, 46]"
3,0,s,"[6, 15, 30, 31, 42, 14]"
3,0,Ġnot,"[2, 23, 30, 52, 53, 31]"
3,0,Ġthat,"[2, 12, 19, 33, 53, 44]"
3,0,Ġmany,"[2, 26, 33, 53, 56, 6]"
3,0,Ġcategories,"[20, 32, 37, 50, 59, 34]"
3,0,;,"[5, 13, 22, 55, 60, 16]"
3,0,Ċ,"[0, 5, 21, 46, 48, 60]"
3,0,Ċ,"[0, 22, 48, 55, 60, 21]"
3,0,Invent,"[14, 20, 50, 58, 61, 39]"
3,0,/,"[1, 9, 18, 51, 60, 16]"
3,0,Create,"[14, 40, 50, 61, 63, 58]"
3,0,Ċ,"[0, 9, 22, 48, 60, 46]"
3,0,Te,"[3, 6, 14, 50, 58, 24]"
3,0,ach,"[14, 37, 39, 58, 61, 63]"
3,0,Ċ,"[0, 9, 22, 48, 60, 1]"
3,0,Make,"[14, 58, 59, 60, 61, 40]"
3,0,/,"[1, 9, 16, 18, 51, 45]"
3,0,Transform,"[39, 43, 51, 61, 63, 25]"
3,0,Ċ,"[0, 9, 46, 48, 60, 1]"
3,0,Grow,"[14, 52, 58, 61, 63, 29]"
3,0,Ċ,"[0, 9, 46, 48, 60, 1]"
3,0,Move,"[14, 39, 58, 61, 63, 43]"
3,0,/,"[1, 9, 16, 18, 51, 15]"
3,0,Take,"[14, 43, 51, 61, 63, 30]"
3,0,Ċ,"[1, 9, 46, 48, 60, 0]"
3,0,Fix,"[14, 39, 58, 61, 63, 20]"
3,0,/,"[1, 9, 16, 18, 51, 15]"
3,0,He,"[2, 6, 14, 29, 51, 3]"
3,0,al,"[21, 25, 39, 61, 63, 40]"
3,0,Ċ,"[1, 9, 46, 48, 60, 0]"
3,0,Prom,"[3, 14, 24, 50, 61, 58]"
3,0,ote,"[39, 40, 58, 61, 63, 50]"
3,0,/,"[1, 9, 16, 18, 51, 15]"
3,0,Sell,"[25, 39, 50, 61, 63, 52]"
3,0,Ċ,"[1, 9, 46, 48, 60, 0]"
3,0,Store,"[14, 20, 24, 32, 61, 58]"
3,0,Ċ,"[1, 9, 46, 48, 60, 18]"
3,0,Protect,"[39, 52, 58, 61, 63, 14]"
3,0,/,"[1, 9, 16, 18, 51, 15]"
3,0,Maintain,"[39, 51, 59, 61, 63, 52]"
3,0,Ċ,"[1, 9, 46, 48, 60, 0]"
3,0,Help,"[13, 14, 58, 61, 63, 52]"
3,0,Ċ,"[0, 9, 22, 46, 60, 48]"
3,0,Under,"[14, 26, 47, 58, 59, 39]"
3,0,stand,"[4, 39, 58, 61, 63, 37]"
3,0,Ċ,"[0, 9, 22, 46, 48, 60]"
3,0,W,"[3, 14, 49, 58, 62, 27]"
3,0,orship,"[21, 32, 50, 61, 63, 10]"
3,0,Ċ,"[1, 9, 46, 48, 60, 22]"
3,0,Ċ,"[0, 21, 48, 55, 60, 46]"
3,0,What,"[0, 4, 7, 14, 58, 42]"
3,0,Ġelse,"[2, 4, 33, 44, 58, 0]"
3,0,?,"[9, 13, 22, 45, 55, 7]"
4,0,<｜begin▁of▁sentence｜>,"[11, 21, 31, 33, 49, 14]"
4,0,People,"[15, 25, 29, 34, 38, 4]"
4,0,Ġthink,"[8, 9, 29, 41, 53, 6]"
4,0,Ġthere,"[4, 9, 25, 29, 30, 41]"
4,0,Ġare,"[8, 25, 27, 29, 41, 21]"
4,0,Ġnearly,"[19, 27, 29, 54, 58, 44]"
4,0,Ġinfinite,"[27, 44, 47, 54, 56, 40]"
4,0,Ġcareer,"[0, 12, 19, 55, 62, 1]"
4,0,Ġchoices,"[7, 12, 53, 55, 56, 62]"
4,0,Ġbut,"[16, 22, 29, 39, 52, 44]"
4,0,Ġthere,"[4, 11, 16, 29, 30, 38]"
4,0,âĢĻ,"[18, 22, 29, 34, 60, 3]"
4,0,s,"[8, 21, 27, 38, 41, 29]"
4,0,Ġnot,"[8, 27, 29, 38, 44, 30]"
4,0,Ġthat,"[4, 27, 30, 44, 47, 54]"
4,0,Ġmany,"[27, 44, 47, 54, 56, 8]"
4,0,Ġcategories,"[0, 7, 11, 24, 55, 25]"
4,0,;,"[16, 22, 29, 39, 52, 59]"
4,0,Ċ,"[3, 18, 34, 38, 60, 29]"
4,0,Ċ,"[3, 18, 22, 34, 60, 59]"
4,0,Invent,"[1, 12, 43, 50, 62, 2]"
4,0,/,"[16, 26, 42, 51, 59, 57]"
4,0,Create,"[1, 12, 43, 50, 53, 31]"
4,0,Ċ,"[3, 13, 34, 52, 60, 39]"
4,0,Te,"[2, 15, 31, 37, 50, 36]"
4,0,ach,"[15, 31, 43, 50, 62, 1]"
4,0,Ċ,"[3, 13, 18, 34, 60, 16]"
4,0,Make,"[1, 2, 31, 43, 50, 48]"
4,0,/,"[13, 16, 26, 42, 59, 51]"
4,0,Transform,"[1, 12, 20, 43, 50, 35]"
4,0,Ċ,"[3, 13, 18, 22, 60, 34]"
4,0,Grow,"[12, 36, 43, 50, 53, 1]"
4,0,Ċ,"[3, 13, 18, 22, 60, 16]"
4,0,Move,"[12, 24, 36, 43, 50, 48]"
4,0,/,"[13, 16, 26, 42, 51, 59]"
4,0,Take,"[23, 31, 43, 44, 50, 48]"
4,0,Ċ,"[3, 13, 18, 34, 60, 22]"
4,0,Fix,"[9, 12, 31, 43, 50, 61]"
4,0,/,"[13, 16, 26, 42, 51, 57]"
4,0,He,"[2, 4, 15, 30, 44, 21]"
4,0,al,"[1, 12, 36, 43, 48, 50]"
4,0,Ċ,"[3, 13, 18, 22, 60, 34]"
4,0,Prom,"[2, 12, 43, 48, 50, 0]"
4,0,ote,"[12, 20, 43, 48, 50, 31]"
4,0,/,"[13, 16, 26, 42, 51, 59]"
4,0,Sell,"[12, 31, 35, 43, 50, 40]"
4,0,Ċ,"[3, 13, 18, 22, 60, 34]"
4,0,Store,"[0, 15, 31, 50, 62, 2]"
4,0,Ċ,"[3, 13, 18, 34, 60, 26]"
4,0,Protect,"[12, 43, 48, 50, 53, 36]"
4,0,/,"[13, 16, 26, 42, 51, 57]"
4,0,Maintain,"[20, 35, 43, 48, 50, 12]"
4,0,Ċ,"[3, 13, 18, 34, 60, 22]"
4,0,Help,"[12, 43, 50, 53, 62, 48]"
4,0,Ċ,"[3, 13, 18, 22, 60, 34]"
4,0,Under,"[2, 17, 20, 25, 31, 58]"
4,0,stand,"[9, 35, 41, 48, 53, 23]"
4,0,Ċ,"[3, 13, 18, 34, 60, 22]"
4,0,W,"[2, 10, 11, 12, 36, 51]"
4,0,orship,"[12, 43, 50, 53, 62, 28]"
4,0,Ċ,"[3, 13, 29, 34, 60, 18]"
4,0,Ċ,"[3, 18, 22, 34, 60, 13]"
4,0,What,"[9, 29, 30, 34, 38, 59]"
4,0,Ġelse,"[9, 25, 30, 44, 54, 4]"
4,0,?,"[22, 26, 39, 51, 52, 41]"
5,0,<｜begin▁of▁sentence｜>,"[19, 20, 47, 49, 52, 54]"
5,0,People,"[15, 18, 35, 38, 41, 50]"
5,0,Ġthink,"[3, 38, 45, 49, 51, 0]"
5,0,Ġthere,"[6, 31, 33, 49, 51, 3]"
5,0,Ġare,"[4, 31, 45, 49, 51, 19]"
5,0,Ġnearly,"[0, 29, 49, 57, 59, 14]"
5,0,Ġinfinite,"[29, 37, 45, 49, 59, 11]"
5,0,Ġcareer,"[4, 13, 30, 34, 37, 59]"
5,0,Ġchoices,"[30, 37, 46, 57, 59, 2]"
5,0,Ġbut,"[12, 17, 21, 27, 43, 24]"
5,0,Ġthere,"[19, 21, 24, 27, 31, 17]"
5,0,âĢĻ,"[12, 15, 18, 39, 41, 55]"
5,0,s,"[20, 21, 24, 31, 45, 51]"
5,0,Ġnot,"[21, 24, 31, 45, 57, 20]"
5,0,Ġthat,"[0, 31, 45, 57, 62, 51]"
5,0,Ġmany,"[14, 45, 57, 59, 62, 55]"
5,0,Ġcategories,"[0, 6, 30, 46, 57, 59]"
5,0,;,"[12, 17, 27, 43, 53, 18]"
5,0,Ċ,"[1, 8, 15, 54, 63, 7]"
5,0,Ċ,"[12, 18, 39, 43, 50, 17]"
5,0,Invent,"[7, 13, 22, 35, 44, 30]"
5,0,/,"[17, 41, 55, 56, 63, 24]"
5,0,Create,"[7, 13, 22, 35, 44, 3]"
5,0,Ċ,"[12, 17, 18, 41, 56, 43]"
5,0,Te,"[13, 16, 35, 38, 44, 41]"
5,0,ach,"[3, 7, 13, 22, 24, 44]"
5,0,Ċ,"[12, 17, 18, 41, 56, 53]"
5,0,Make,"[7, 22, 24, 35, 44, 38]"
5,0,/,"[17, 24, 55, 56, 63, 10]"
5,0,Transform,"[3, 7, 22, 23, 35, 44]"
5,0,Ċ,"[12, 17, 18, 41, 56, 43]"
5,0,Grow,"[7, 22, 28, 37, 44, 3]"
5,0,Ċ,"[12, 17, 18, 43, 56, 41]"
5,0,Move,"[7, 11, 22, 28, 44, 13]"
5,0,/,"[10, 17, 53, 56, 63, 24]"
5,0,Take,"[7, 22, 28, 35, 44, 24]"
5,0,Ċ,"[17, 18, 41, 53, 56, 12]"
5,0,Fix,"[3, 7, 22, 23, 44, 28]"
5,0,/,"[17, 24, 41, 56, 63, 55]"
5,0,He,"[11, 16, 22, 35, 44, 24]"
5,0,al,"[7, 22, 23, 28, 37, 3]"
5,0,Ċ,"[12, 17, 18, 53, 56, 41]"
5,0,Prom,"[3, 7, 22, 37, 44, 24]"
5,0,ote,"[3, 7, 22, 23, 44, 24]"
5,0,/,"[10, 17, 41, 56, 63, 53]"
5,0,Sell,"[7, 22, 35, 44, 46, 3]"
5,0,Ċ,"[9, 17, 18, 53, 56, 12]"
5,0,Store,"[7, 22, 30, 34, 44, 61]"
5,0,Ċ,"[17, 18, 52, 53, 56, 41]"
5,0,Protect,"[3, 7, 22, 23, 37, 44]"
5,0,/,"[10, 17, 24, 53, 63, 56]"
5,0,Maintain,"[3, 7, 22, 23, 35, 46]"
5,0,Ċ,"[12, 17, 18, 53, 56, 41]"
5,0,Help,"[3, 22, 24, 44, 48, 23]"
5,0,Ċ,"[12, 17, 18, 53, 56, 41]"
5,0,Under,"[11, 23, 24, 35, 44, 58]"
5,0,stand,"[3, 7, 22, 24, 44, 35]"
5,0,Ċ,"[17, 18, 41, 53, 56, 9]"
5,0,W,"[11, 35, 38, 41, 44, 42]"
5,0,orship,"[7, 13, 22, 37, 44, 3]"
5,0,Ċ,"[17, 18, 41, 53, 56, 12]"
5,0,Ċ,"[12, 17, 18, 39, 43, 50]"
5,0,What,"[18, 21, 35, 38, 41, 42]"
5,0,Ġelse,"[21, 31, 35, 38, 57, 36]"
5,0,?,"[12, 17, 27, 42, 43, 31]"
6,0,<｜begin▁of▁sentence｜>,"[13, 21, 22, 42, 47, 32]"
6,0,People,"[15, 37, 39, 46, 56, 26]"
6,0,Ġthink,"[5, 7, 15, 19, 52, 56]"
6,0,Ġthere,"[5, 15, 40, 52, 56, 24]"
6,0,Ġare,"[5, 8, 43, 52, 58, 10]"
6,0,Ġnearly,"[8, 9, 25, 52, 58, 5]"
6,0,Ġinfinite,"[8, 25, 31, 36, 60, 52]"
6,0,Ġcareer,"[2, 3, 29, 53, 57, 14]"
6,0,Ġchoices,"[2, 14, 25, 53, 60, 3]"
6,0,Ġbut,"[12, 16, 18, 50, 56, 34]"
6,0,Ġthere,"[5, 26, 40, 45, 56, 43]"
6,0,âĢĻ,"[11, 16, 37, 50, 56, 46]"
6,0,s,"[8, 26, 43, 45, 52, 17]"
6,0,Ġnot,"[0, 8, 26, 52, 60, 17]"
6,0,Ġthat,"[8, 36, 40, 52, 60, 25]"
6,0,Ġmany,"[8, 25, 40, 52, 60, 28]"
6,0,Ġcategories,"[2, 14, 25, 53, 60, 28]"
6,0,;,"[12, 16, 18, 37, 56, 43]"
6,0,Ċ,"[1, 23, 39, 42, 45, 22]"
6,0,Ċ,"[12, 16, 37, 46, 56, 50]"
6,0,Invent,"[2, 19, 29, 44, 53, 41]"
6,0,/,"[6, 33, 34, 39, 55, 12]"
6,0,Create,"[2, 44, 48, 53, 59, 7]"
6,0,Ċ,"[12, 16, 18, 33, 56, 37]"
6,0,Te,"[15, 19, 38, 41, 53, 3]"
6,0,ach,"[7, 29, 44, 53, 59, 3]"
6,0,Ċ,"[11, 12, 16, 18, 33, 34]"
6,0,Make,"[7, 9, 44, 53, 59, 29]"
6,0,/,"[6, 23, 33, 34, 55, 39]"
6,0,Transform,"[2, 7, 44, 53, 59, 38]"
6,0,Ċ,"[11, 12, 16, 18, 33, 34]"
6,0,Grow,"[2, 7, 38, 53, 59, 25]"
6,0,Ċ,"[11, 12, 16, 33, 56, 34]"
6,0,Move,"[7, 38, 53, 59, 61, 2]"
6,0,/,"[6, 23, 33, 34, 55, 39]"
6,0,Take,"[7, 9, 44, 59, 62, 53]"
6,0,Ċ,"[11, 12, 16, 33, 56, 18]"
6,0,Fix,"[7, 30, 44, 53, 59, 38]"
6,0,/,"[6, 23, 34, 39, 55, 33]"
6,0,He,"[6, 15, 41, 59, 62, 40]"
6,0,al,"[30, 38, 44, 53, 59, 31]"
6,0,Ċ,"[11, 16, 33, 50, 56, 39]"
6,0,Prom,"[2, 7, 14, 44, 53, 38]"
6,0,ote,"[7, 14, 44, 53, 59, 2]"
6,0,/,"[6, 23, 33, 34, 55, 39]"
6,0,Sell,"[7, 14, 44, 53, 59, 29]"
6,0,Ċ,"[11, 16, 33, 39, 50, 17]"
6,0,Store,"[3, 7, 14, 29, 38, 57]"
6,0,Ċ,"[11, 12, 16, 33, 35, 34]"
6,0,Protect,"[7, 30, 38, 53, 59, 44]"
6,0,/,"[6, 23, 34, 39, 55, 33]"
6,0,Maintain,"[7, 30, 44, 53, 59, 9]"
6,0,Ċ,"[11, 16, 39, 50, 56, 1]"
6,0,Help,"[7, 41, 44, 53, 59, 14]"
6,0,Ċ,"[11, 35, 37, 39, 50, 16]"
6,0,Under,"[19, 41, 49, 57, 60, 48]"
6,0,stand,"[2, 7, 41, 53, 59, 44]"
6,0,Ċ,"[11, 12, 18, 33, 34, 39]"
6,0,W,"[6, 19, 38, 41, 48, 59]"
6,0,orship,"[15, 38, 44, 53, 59, 7]"
6,0,Ċ,"[11, 18, 33, 39, 50, 16]"
6,0,Ċ,"[11, 16, 37, 46, 56, 18]"
6,0,What,"[5, 19, 37, 46, 56, 50]"
6,0,Ġelse,"[5, 8, 19, 40, 52, 37]"
6,0,?,"[5, 12, 16, 18, 43, 19]"
7,0,<｜begin▁of▁sentence｜>,"[28, 43, 44, 58, 62, 18]"
7,0,People,"[6, 11, 35, 41, 50, 16]"
7,0,Ġthink,"[3, 4, 20, 37, 51, 36]"
7,0,Ġthere,"[4, 19, 36, 37, 38, 14]"
7,0,Ġare,"[9, 14, 30, 51, 56, 20]"
7,0,Ġnearly,"[14, 40, 45, 51, 56, 38]"
7,0,Ġinfinite,"[11, 14, 29, 31, 56, 51]"
7,0,Ġcareer,"[29, 35, 47, 59, 63, 39]"
7,0,Ġchoices,"[9, 35, 45, 49, 56, 63]"
7,0,Ġbut,"[19, 21, 25, 38, 42, 40]"
7,0,Ġthere,"[20, 25, 30, 33, 38, 19]"
7,0,âĢĻ,"[8, 19, 38, 41, 42, 26]"
7,0,s,"[14, 20, 25, 30, 51, 33]"
7,0,Ġnot,"[14, 25, 30, 40, 51, 20]"
7,0,Ġthat,"[14, 25, 36, 40, 56, 20]"
7,0,Ġmany,"[14, 40, 45, 51, 56, 28]"
7,0,Ġcategories,"[7, 9, 47, 49, 56, 1]"
7,0,;,"[19, 21, 26, 38, 42, 41]"
7,0,Ċ,"[6, 18, 24, 28, 58, 13]"
7,0,Ċ,"[8, 19, 38, 41, 42, 26]"
7,0,Invent,"[1, 9, 11, 47, 62, 39]"
7,0,/,"[1, 8, 32, 40, 55, 12]"
7,0,Create,"[0, 1, 11, 35, 47, 62]"
7,0,Ċ,"[8, 32, 41, 42, 55, 50]"
7,0,Te,"[1, 11, 39, 46, 47, 53]"
7,0,ach,"[0, 1, 35, 37, 47, 59]"
7,0,Ċ,"[8, 32, 41, 50, 55, 42]"
7,0,Make,"[0, 1, 9, 47, 53, 48]"
7,0,/,"[8, 16, 32, 40, 55, 12]"
7,0,Transform,"[0, 1, 15, 31, 53, 9]"
7,0,Ċ,"[8, 32, 42, 50, 55, 41]"
7,0,Grow,"[0, 1, 2, 15, 53, 48]"
7,0,Ċ,"[32, 41, 42, 50, 55, 8]"
7,0,Move,"[0, 2, 15, 53, 59, 47]"
7,0,/,"[12, 16, 32, 40, 55, 8]"
7,0,Take,"[0, 2, 15, 48, 53, 45]"
7,0,Ċ,"[8, 38, 41, 50, 55, 42]"
7,0,Fix,"[0, 1, 15, 53, 57, 59]"
7,0,/,"[8, 32, 40, 50, 55, 16]"
7,0,He,"[0, 11, 15, 33, 46, 3]"
7,0,al,"[0, 15, 53, 57, 59, 27]"
7,0,Ċ,"[8, 41, 42, 50, 55, 38]"
7,0,Prom,"[0, 1, 37, 47, 63, 59]"
7,0,ote,"[0, 1, 37, 47, 53, 48]"
7,0,/,"[12, 16, 32, 40, 55, 50]"
7,0,Sell,"[0, 1, 2, 47, 53, 37]"
7,0,Ċ,"[8, 32, 41, 50, 55, 42]"
7,0,Store,"[0, 1, 2, 15, 53, 47]"
7,0,Ċ,"[8, 32, 41, 50, 55, 42]"
7,0,Protect,"[0, 1, 48, 53, 57, 2]"
7,0,/,"[8, 16, 32, 40, 55, 12]"
7,0,Maintain,"[0, 1, 15, 53, 57, 48]"
7,0,Ċ,"[8, 38, 41, 50, 55, 32]"
7,0,Help,"[0, 1, 35, 48, 53, 57]"
7,0,Ċ,"[8, 32, 41, 50, 55, 38]"
7,0,Under,"[1, 11, 29, 52, 54, 61]"
7,0,stand,"[1, 4, 37, 47, 54, 9]"
7,0,Ċ,"[8, 32, 41, 50, 55, 6]"
7,0,W,"[11, 35, 46, 50, 63, 55]"
7,0,orship,"[4, 37, 47, 54, 59, 0]"
7,0,Ċ,"[8, 32, 41, 50, 55, 38]"
7,0,Ċ,"[8, 21, 38, 41, 42, 26]"
7,0,What,"[8, 33, 38, 41, 50, 36]"
7,0,Ġelse,"[14, 25, 33, 36, 40, 20]"
7,0,?,"[8, 21, 25, 33, 42, 41]"
8,0,<｜begin▁of▁sentence｜>,"[2, 11, 30, 39, 54, 47]"
8,0,People,"[8, 11, 28, 33, 40, 63]"
8,0,Ġthink,"[17, 33, 40, 41, 62, 0]"
8,0,Ġthere,"[0, 17, 21, 33, 41, 62]"
8,0,Ġare,"[0, 19, 22, 41, 60, 17]"
8,0,Ġnearly,"[19, 22, 33, 41, 60, 28]"
8,0,Ġinfinite,"[19, 22, 23, 53, 60, 47]"
8,0,Ġcareer,"[9, 14, 16, 22, 57, 15]"
8,0,Ġchoices,"[5, 9, 22, 23, 57, 17]"
8,0,Ġbut,"[3, 10, 20, 33, 45, 42]"
8,0,Ġthere,"[28, 33, 42, 45, 54, 59]"
8,0,âĢĻ,"[6, 20, 33, 45, 46, 3]"
8,0,s,"[18, 42, 54, 60, 62, 17]"
8,0,Ġnot,"[19, 42, 59, 60, 62, 41]"
8,0,Ġthat,"[19, 31, 42, 59, 60, 0]"
8,0,Ġmany,"[0, 7, 19, 22, 59, 1]"
8,0,Ġcategories,"[5, 9, 22, 44, 59, 16]"
8,0,;,"[3, 10, 20, 45, 46, 6]"
8,0,Ċ,"[13, 39, 52, 54, 63, 1]"
8,0,Ċ,"[6, 10, 33, 45, 46, 55]"
8,0,Invent,"[13, 14, 15, 49, 58, 11]"
8,0,/,"[6, 12, 27, 42, 50, 17]"
8,0,Create,"[5, 15, 23, 48, 53, 40]"
8,0,Ċ,"[6, 8, 12, 27, 45, 10]"
8,0,Te,"[13, 24, 38, 48, 49, 16]"
8,0,ach,"[15, 24, 29, 48, 58, 38]"
8,0,Ċ,"[6, 12, 25, 27, 55, 10]"
8,0,Make,"[15, 24, 29, 48, 51, 44]"
8,0,/,"[6, 12, 26, 42, 50, 40]"
8,0,Transform,"[2, 24, 36, 48, 51, 15]"
8,0,Ċ,"[6, 10, 12, 27, 55, 20]"
8,0,Grow,"[16, 24, 36, 48, 51, 53]"
8,0,Ċ,"[6, 12, 36, 45, 55, 10]"
8,0,Move,"[24, 48, 51, 56, 57, 38]"
8,0,/,"[12, 26, 42, 50, 63, 49]"
8,0,Take,"[24, 36, 48, 51, 57, 42]"
8,0,Ċ,"[6, 12, 20, 25, 55, 45]"
8,0,Fix,"[24, 48, 51, 53, 57, 5]"
8,0,/,"[12, 26, 40, 42, 50, 6]"
8,0,He,"[11, 13, 40, 48, 51, 56]"
8,0,al,"[24, 48, 51, 56, 57, 58]"
8,0,Ċ,"[6, 12, 20, 45, 55, 10]"
8,0,Prom,"[15, 24, 37, 48, 57, 38]"
8,0,ote,"[15, 24, 48, 57, 58, 23]"
8,0,/,"[12, 26, 40, 42, 50, 6]"
8,0,Sell,"[2, 4, 15, 24, 48, 58]"
8,0,Ċ,"[6, 12, 20, 27, 55, 45]"
8,0,Store,"[2, 15, 24, 48, 58, 51]"
8,0,Ċ,"[6, 12, 25, 55, 59, 40]"
8,0,Protect,"[23, 24, 48, 51, 57, 4]"
8,0,/,"[6, 12, 26, 42, 50, 40]"
8,0,Maintain,"[2, 23, 24, 48, 58, 51]"
8,0,Ċ,"[6, 12, 25, 45, 55, 40]"
8,0,Help,"[23, 24, 38, 48, 58, 15]"
8,0,Ċ,"[6, 12, 20, 25, 55, 59]"
8,0,Under,"[16, 23, 48, 49, 51, 28]"
8,0,stand,"[5, 23, 48, 57, 58, 11]"
8,0,Ċ,"[6, 12, 20, 25, 55, 10]"
8,0,W,"[13, 48, 49, 51, 52, 56]"
8,0,orship,"[15, 23, 24, 39, 48, 58]"
8,0,Ċ,"[6, 12, 25, 54, 55, 26]"
8,0,Ċ,"[3, 10, 20, 45, 55, 46]"
8,0,What,"[17, 33, 45, 46, 55, 49]"
8,0,Ġelse,"[17, 22, 42, 49, 59, 1]"
8,0,?,"[3, 6, 10, 17, 45, 20]"
9,0,<｜begin▁of▁sentence｜>,"[12, 13, 22, 27, 31, 44]"
9,0,People,"[26, 39, 44, 45, 53, 12]"
9,0,Ġthink,"[29, 30, 39, 42, 46, 26]"
9,0,Ġthere,"[18, 29, 39, 42, 46, 30]"
9,0,Ġare,"[2, 18, 20, 29, 42, 22]"
9,0,Ġnearly,"[20, 28, 29, 37, 56, 0]"
9,0,Ġinfinite,"[28, 29, 37, 49, 56, 27]"
9,0,Ġcareer,"[6, 14, 23, 31, 51, 60]"
9,0,Ġchoices,"[9, 11, 14, 23, 51, 60]"
9,0,Ġbut,"[15, 35, 41, 48, 58, 1]"
9,0,Ġthere,"[5, 15, 18, 20, 32, 12]"
9,0,âĢĻ,"[35, 41, 45, 46, 58, 48]"
9,0,s,"[15, 18, 20, 25, 29, 55]"
9,0,Ġnot,"[15, 18, 20, 29, 52, 42]"
9,0,Ġthat,"[2, 20, 28, 29, 47, 18]"
9,0,Ġmany,"[11, 28, 29, 37, 56, 9]"
9,0,Ġcategories,"[9, 11, 14, 23, 51, 29]"
9,0,;,"[1, 15, 35, 48, 58, 46]"
9,0,Ċ,"[22, 44, 55, 62, 63, 34]"
9,0,Ċ,"[35, 41, 46, 48, 58, 1]"
9,0,Invent,"[0, 7, 14, 16, 62, 60]"
9,0,/,"[8, 10, 33, 38, 61, 0]"
9,0,Create,"[7, 14, 23, 36, 63, 21]"
9,0,Ċ,"[8, 33, 41, 48, 58, 19]"
9,0,Te,"[0, 14, 16, 23, 62, 10]"
9,0,ach,"[0, 7, 14, 23, 60, 36]"
9,0,Ċ,"[8, 19, 33, 41, 48, 58]"
9,0,Make,"[14, 21, 23, 36, 42, 63]"
9,0,/,"[8, 10, 33, 38, 61, 13]"
9,0,Transform,"[14, 21, 27, 36, 63, 9]"
9,0,Ċ,"[8, 33, 41, 48, 58, 35]"
9,0,Grow,"[14, 27, 31, 36, 63, 7]"
9,0,Ċ,"[8, 12, 19, 33, 41, 38]"
9,0,Move,"[14, 21, 27, 36, 63, 31]"
9,0,/,"[8, 32, 33, 38, 61, 24]"
9,0,Take,"[21, 27, 36, 42, 62, 14]"
9,0,Ċ,"[8, 33, 41, 48, 58, 10]"
9,0,Fix,"[9, 14, 27, 36, 63, 31]"
9,0,/,"[8, 10, 33, 38, 61, 53]"
9,0,He,"[16, 24, 27, 55, 62, 0]"
9,0,al,"[7, 14, 27, 36, 63, 0]"
9,0,Ċ,"[8, 33, 35, 41, 48, 58]"
9,0,Prom,"[6, 14, 23, 36, 62, 27]"
9,0,ote,"[6, 14, 23, 36, 63, 21]"
9,0,/,"[8, 10, 33, 38, 61, 55]"
9,0,Sell,"[7, 9, 14, 31, 36, 6]"
9,0,Ċ,"[8, 19, 33, 41, 58, 48]"
9,0,Store,"[7, 14, 51, 60, 63, 27]"
9,0,Ċ,"[8, 19, 32, 33, 38, 50]"
9,0,Protect,"[6, 9, 14, 27, 63, 7]"
9,0,/,"[8, 10, 33, 38, 61, 32]"
9,0,Maintain,"[7, 9, 14, 27, 36, 63]"
9,0,Ċ,"[8, 19, 33, 35, 41, 38]"
9,0,Help,"[9, 14, 21, 23, 63, 0]"
9,0,Ċ,"[8, 19, 33, 38, 41, 35]"
9,0,Under,"[0, 5, 27, 37, 62, 14]"
9,0,stand,"[9, 14, 23, 40, 54, 63]"
9,0,Ċ,"[8, 19, 33, 38, 41, 58]"
9,0,W,"[0, 8, 10, 16, 62, 14]"
9,0,orship,"[14, 23, 31, 60, 63, 7]"
9,0,Ċ,"[8, 19, 33, 35, 41, 38]"
9,0,Ċ,"[15, 35, 41, 48, 58, 1]"
9,0,What,"[1, 15, 41, 45, 46, 35]"
9,0,Ġelse,"[8, 11, 25, 28, 52, 29]"
9,0,?,"[15, 35, 41, 48, 58, 1]"
10,0,<｜begin▁of▁sentence｜>,"[2, 9, 13, 42, 47, 31]"
10,0,People,"[20, 34, 41, 59, 61, 44]"
10,0,Ġthink,"[1, 23, 33, 39, 40, 36]"
10,0,Ġthere,"[1, 23, 33, 34, 40, 54]"
10,0,Ġare,"[1, 23, 33, 39, 62, 13]"
10,0,Ġnearly,"[21, 23, 33, 39, 62, 28]"
10,0,Ġinfinite,"[21, 23, 32, 33, 38, 63]"
10,0,Ġcareer,"[4, 15, 16, 33, 49, 20]"
10,0,Ġchoices,"[4, 33, 34, 35, 40, 15]"
10,0,Ġbut,"[0, 29, 53, 55, 60, 23]"
10,0,Ġthere,"[0, 9, 22, 23, 33, 42]"
10,0,âĢĻ,"[19, 33, 53, 55, 60, 41]"
10,0,s,"[0, 23, 33, 37, 62, 13]"
10,0,Ġnot,"[0, 23, 33, 62, 63, 13]"
10,0,Ġthat,"[0, 21, 23, 33, 38, 63]"
10,0,Ġmany,"[4, 21, 23, 31, 33, 63]"
10,0,Ġcategories,"[4, 33, 34, 35, 58, 49]"
10,0,;,"[29, 30, 53, 55, 60, 0]"
10,0,Ċ,"[12, 34, 35, 41, 42, 25]"
10,0,Ċ,"[29, 30, 53, 55, 60, 59]"
10,0,Invent,"[20, 25, 33, 49, 56, 16]"
10,0,/,"[3, 12, 33, 39, 51, 59]"
10,0,Create,"[20, 40, 45, 49, 56, 33]"
10,0,Ċ,"[3, 11, 41, 51, 60, 17]"
10,0,Te,"[3, 20, 25, 36, 49, 2]"
10,0,ach,"[16, 20, 36, 49, 56, 35]"
10,0,Ċ,"[3, 11, 17, 39, 51, 12]"
10,0,Make,"[36, 40, 49, 52, 56, 3]"
10,0,/,"[2, 3, 12, 39, 51, 13]"
10,0,Transform,"[36, 45, 49, 52, 56, 35]"
10,0,Ċ,"[3, 9, 11, 17, 51, 39]"
10,0,Grow,"[15, 28, 36, 45, 49, 20]"
10,0,Ċ,"[3, 11, 17, 41, 51, 39]"
10,0,Move,"[7, 8, 15, 35, 49, 45]"
10,0,/,"[3, 7, 12, 39, 51, 2]"
10,0,Take,"[2, 3, 7, 22, 52, 40]"
10,0,Ċ,"[7, 11, 17, 19, 51, 41]"
10,0,Fix,"[8, 10, 45, 49, 56, 35]"
10,0,/,"[3, 12, 13, 39, 51, 2]"
10,0,He,"[2, 22, 25, 41, 47, 42]"
10,0,al,"[8, 20, 36, 45, 49, 19]"
10,0,Ċ,"[3, 11, 13, 17, 51, 60]"
10,0,Prom,"[2, 25, 36, 45, 49, 32]"
10,0,ote,"[2, 36, 45, 49, 56, 20]"
10,0,/,"[2, 3, 12, 39, 51, 50]"
10,0,Sell,"[35, 36, 45, 49, 56, 16]"
10,0,Ċ,"[3, 9, 11, 17, 51, 44]"
10,0,Store,"[18, 20, 35, 45, 49, 16]"
10,0,Ċ,"[3, 17, 39, 41, 51, 9]"
10,0,Protect,"[8, 15, 20, 45, 49, 36]"
10,0,/,"[2, 3, 12, 39, 51, 59]"
10,0,Maintain,"[8, 36, 45, 49, 56, 7]"
10,0,Ċ,"[3, 11, 17, 44, 51, 41]"
10,0,Help,"[2, 3, 36, 45, 49, 40]"
10,0,Ċ,"[3, 11, 17, 44, 51, 41]"
10,0,Under,"[2, 3, 25, 26, 41, 23]"
10,0,stand,"[20, 36, 40, 45, 49, 56]"
10,0,Ċ,"[3, 11, 17, 44, 51, 41]"
10,0,W,"[3, 25, 41, 51, 61, 19]"
10,0,orship,"[20, 36, 40, 45, 49, 35]"
10,0,Ċ,"[3, 13, 17, 44, 51, 11]"
10,0,Ċ,"[11, 17, 53, 55, 60, 29]"
10,0,What,"[4, 30, 33, 41, 55, 0]"
10,0,Ġelse,"[3, 4, 23, 31, 37, 0]"
10,0,?,"[29, 30, 53, 55, 60, 11]"
11,0,<｜begin▁of▁sentence｜>,"[10, 11, 17, 18, 27, 54]"
11,0,People,"[10, 15, 16, 43, 58, 59]"
11,0,Ġthink,"[6, 24, 26, 43, 55, 16]"
11,0,Ġthere,"[10, 20, 22, 26, 55, 24]"
11,0,Ġare,"[6, 25, 26, 36, 37, 55]"
11,0,Ġnearly,"[11, 12, 24, 26, 44, 14]"
11,0,Ġinfinite,"[26, 30, 36, 37, 56, 29]"
11,0,Ġcareer,"[13, 27, 38, 42, 56, 37]"
11,0,Ġchoices,"[13, 37, 38, 48, 56, 33]"
11,0,Ġbut,"[0, 8, 37, 46, 54, 57]"
11,0,Ġthere,"[6, 10, 22, 26, 54, 16]"
11,0,âĢĻ,"[4, 8, 28, 43, 47, 35]"
11,0,s,"[6, 10, 26, 37, 54, 12]"
11,0,Ġnot,"[6, 10, 11, 24, 57, 26]"
11,0,Ġthat,"[11, 12, 24, 46, 51, 6]"
11,0,Ġmany,"[14, 24, 26, 30, 44, 37]"
11,0,Ġcategories,"[13, 14, 30, 38, 48, 33]"
11,0,;,"[0, 5, 8, 24, 28, 37]"
11,0,Ċ,"[4, 30, 35, 43, 61, 11]"
11,0,Ċ,"[8, 16, 28, 43, 47, 0]"
11,0,Invent,"[21, 38, 42, 49, 59, 26]"
11,0,/,"[0, 4, 5, 7, 37, 20]"
11,0,Create,"[16, 21, 38, 42, 52, 1]"
11,0,Ċ,"[5, 7, 28, 37, 47, 0]"
11,0,Te,"[18, 37, 42, 49, 58, 17]"
11,0,ach,"[15, 21, 38, 42, 52, 1]"
11,0,Ċ,"[0, 4, 5, 7, 37, 47]"
11,0,Make,"[21, 26, 29, 37, 45, 42]"
11,0,/,"[0, 4, 7, 20, 37, 5]"
11,0,Transform,"[21, 29, 30, 37, 42, 3]"
11,0,Ċ,"[0, 4, 5, 7, 37, 47]"
11,0,Grow,"[21, 29, 42, 49, 52, 1]"
11,0,Ċ,"[0, 4, 5, 7, 37, 47]"
11,0,Move,"[21, 26, 29, 37, 42, 32]"
11,0,/,"[0, 4, 5, 7, 37, 20]"
11,0,Take,"[21, 22, 26, 29, 37, 49]"
11,0,Ċ,"[4, 5, 7, 37, 47, 0]"
11,0,Fix,"[21, 26, 29, 42, 59, 37]"
11,0,/,"[0, 4, 5, 7, 37, 26]"
11,0,He,"[9, 10, 26, 49, 58, 61]"
11,0,al,"[15, 21, 38, 52, 56, 29]"
11,0,Ċ,"[0, 4, 7, 37, 47, 5]"
11,0,Prom,"[1, 42, 49, 56, 58, 15]"
11,0,ote,"[1, 15, 21, 42, 56, 52]"
11,0,/,"[0, 4, 5, 7, 37, 20]"
11,0,Sell,"[1, 15, 21, 38, 52, 42]"
11,0,Ċ,"[0, 4, 5, 7, 37, 47]"
11,0,Store,"[1, 21, 27, 38, 42, 13]"
11,0,Ċ,"[0, 4, 7, 37, 47, 5]"
11,0,Protect,"[15, 21, 29, 42, 56, 45]"
11,0,/,"[0, 4, 5, 7, 37, 20]"
11,0,Maintain,"[15, 21, 29, 52, 58, 42]"
11,0,Ċ,"[4, 5, 7, 37, 47, 0]"
11,0,Help,"[21, 37, 42, 49, 56, 58]"
11,0,Ċ,"[4, 5, 7, 37, 47, 0]"
11,0,Under,"[1, 26, 37, 46, 49, 43]"
11,0,stand,"[1, 15, 21, 38, 42, 58]"
11,0,Ċ,"[4, 5, 7, 37, 47, 0]"
11,0,W,"[10, 26, 34, 37, 49, 58]"
11,0,orship,"[15, 21, 37, 38, 52, 42]"
11,0,Ċ,"[0, 4, 7, 37, 47, 5]"
11,0,Ċ,"[8, 28, 35, 43, 47, 0]"
11,0,What,"[6, 25, 43, 46, 57, 54]"
11,0,Ġelse,"[6, 25, 46, 54, 57, 11]"
11,0,?,"[0, 8, 43, 54, 57, 16]"
12,0,<｜begin▁of▁sentence｜>,"[4, 30, 37, 50, 59, 3]"
12,0,People,"[3, 4, 8, 29, 63, 32]"
12,0,Ġthink,"[0, 30, 34, 36, 47, 24]"
12,0,Ġthere,"[3, 25, 37, 47, 51, 36]"
12,0,Ġare,"[13, 14, 24, 36, 51, 10]"
12,0,Ġnearly,"[3, 6, 24, 36, 51, 27]"
12,0,Ġinfinite,"[6, 36, 37, 51, 53, 24]"
12,0,Ġcareer,"[16, 18, 26, 53, 63, 52]"
12,0,Ġchoices,"[1, 18, 26, 52, 56, 16]"
12,0,Ġbut,"[7, 24, 36, 39, 42, 48]"
12,0,Ġthere,"[3, 24, 25, 39, 51, 9]"
12,0,âĢĻ,"[16, 29, 38, 41, 48, 42]"
12,0,s,"[6, 24, 36, 39, 51, 5]"
12,0,Ġnot,"[6, 17, 24, 39, 51, 36]"
12,0,Ġthat,"[6, 36, 37, 39, 51, 56]"
12,0,Ġmany,"[6, 9, 37, 51, 53, 11]"
12,0,Ġcategories,"[4, 11, 18, 35, 52, 6]"
12,0,;,"[7, 9, 10, 42, 57, 13]"
12,0,Ċ,"[26, 31, 32, 37, 56, 47]"
12,0,Ċ,"[7, 29, 38, 41, 48, 10]"
12,0,Invent,"[1, 19, 33, 34, 61, 26]"
12,0,/,"[9, 10, 41, 57, 61, 19]"
12,0,Create,"[16, 18, 22, 26, 34, 8]"
12,0,Ċ,"[7, 9, 10, 41, 61, 29]"
12,0,Te,"[26, 37, 55, 56, 61, 34]"
12,0,ach,"[0, 8, 16, 18, 34, 26]"
12,0,Ċ,"[9, 10, 41, 57, 61, 49]"
12,0,Make,"[9, 10, 26, 34, 44, 60]"
12,0,/,"[9, 10, 41, 57, 61, 60]"
12,0,Transform,"[1, 26, 33, 34, 44, 32]"
12,0,Ċ,"[7, 9, 10, 41, 61, 49]"
12,0,Grow,"[1, 16, 26, 33, 34, 18]"
12,0,Ċ,"[7, 9, 10, 41, 61, 49]"
12,0,Move,"[1, 26, 34, 40, 63, 55]"
12,0,/,"[9, 10, 41, 57, 61, 60]"
12,0,Take,"[9, 34, 40, 51, 55, 61]"
12,0,Ċ,"[7, 9, 10, 41, 61, 40]"
12,0,Fix,"[16, 18, 33, 34, 55, 26]"
12,0,/,"[9, 10, 41, 60, 61, 57]"
12,0,He,"[12, 28, 37, 55, 61, 56]"
12,0,al,"[8, 16, 26, 33, 34, 18]"
12,0,Ċ,"[7, 9, 10, 41, 61, 13]"
12,0,Prom,"[26, 33, 34, 55, 61, 37]"
12,0,ote,"[0, 1, 16, 26, 34, 33]"
12,0,/,"[9, 10, 41, 57, 61, 47]"
12,0,Sell,"[0, 8, 26, 34, 62, 47]"
12,0,Ċ,"[9, 10, 41, 49, 61, 7]"
12,0,Store,"[16, 18, 34, 40, 63, 20]"
12,0,Ċ,"[9, 10, 41, 49, 61, 7]"
12,0,Protect,"[1, 16, 26, 33, 34, 14]"
12,0,/,"[9, 41, 57, 60, 61, 10]"
12,0,Maintain,"[8, 16, 18, 20, 34, 1]"
12,0,Ċ,"[7, 9, 10, 41, 61, 49]"
12,0,Help,"[0, 16, 34, 49, 55, 26]"
12,0,Ċ,"[7, 9, 10, 41, 61, 47]"
12,0,Under,"[2, 14, 51, 55, 61, 34]"
12,0,stand,"[8, 16, 26, 34, 55, 1]"
12,0,Ċ,"[7, 9, 10, 41, 61, 60]"
12,0,W,"[9, 12, 37, 55, 61, 41]"
12,0,orship,"[0, 8, 16, 33, 63, 18]"
12,0,Ċ,"[7, 9, 10, 41, 61, 13]"
12,0,Ċ,"[7, 29, 38, 42, 46, 41]"
12,0,What,"[17, 25, 29, 30, 39, 41]"
12,0,Ġelse,"[8, 17, 30, 36, 39, 25]"
12,0,?,"[7, 8, 28, 30, 57, 38]"
13,0,<｜begin▁of▁sentence｜>,"[11, 24, 34, 36, 47, 58]"
13,0,People,"[2, 6, 10, 36, 58, 23]"
13,0,Ġthink,"[6, 17, 27, 36, 41, 10]"
13,0,Ġthere,"[3, 27, 47, 54, 60, 41]"
13,0,Ġare,"[27, 41, 47, 51, 54, 4]"
13,0,Ġnearly,"[0, 4, 27, 39, 47, 17]"
13,0,Ġinfinite,"[0, 4, 19, 26, 27, 39]"
13,0,Ġcareer,"[0, 4, 16, 20, 27, 63]"
13,0,Ġchoices,"[27, 36, 41, 59, 62, 18]"
13,0,Ġbut,"[3, 21, 27, 40, 41, 34]"
13,0,Ġthere,"[3, 27, 30, 41, 60, 46]"
13,0,âĢĻ,"[6, 21, 33, 36, 44, 29]"
13,0,s,"[3, 27, 30, 41, 60, 54]"
13,0,Ġnot,"[3, 27, 30, 41, 60, 24]"
13,0,Ġthat,"[0, 3, 24, 27, 47, 30]"
13,0,Ġmany,"[0, 4, 27, 41, 62, 19]"
13,0,Ġcategories,"[35, 45, 55, 59, 62, 47]"
13,0,;,"[20, 21, 31, 40, 41, 33]"
13,0,Ċ,"[9, 10, 37, 48, 58, 54]"
13,0,Ċ,"[21, 29, 33, 41, 44, 18]"
13,0,Invent,"[18, 38, 48, 61, 63, 35]"
13,0,/,"[20, 25, 28, 34, 49, 18]"
13,0,Create,"[20, 38, 49, 53, 61, 26]"
13,0,Ċ,"[18, 20, 25, 34, 49, 9]"
13,0,Te,"[10, 20, 26, 45, 48, 15]"
13,0,ach,"[20, 38, 49, 53, 61, 10]"
13,0,Ċ,"[9, 20, 25, 34, 49, 52]"
13,0,Make,"[4, 38, 49, 51, 61, 25]"
13,0,/,"[4, 20, 25, 34, 49, 13]"
13,0,Transform,"[4, 20, 38, 49, 61, 53]"
13,0,Ċ,"[9, 20, 25, 34, 49, 4]"
13,0,Grow,"[4, 20, 38, 48, 61, 10]"
13,0,Ċ,"[9, 20, 25, 34, 49, 4]"
13,0,Move,"[4, 20, 38, 52, 61, 49]"
13,0,/,"[20, 25, 34, 49, 52, 9]"
13,0,Take,"[4, 38, 49, 51, 52, 10]"
13,0,Ċ,"[4, 9, 25, 34, 49, 20]"
13,0,Fix,"[4, 10, 38, 49, 61, 53]"
13,0,/,"[4, 20, 25, 34, 49, 26]"
13,0,He,"[10, 15, 37, 45, 48, 6]"
13,0,al,"[14, 35, 38, 53, 61, 20]"
13,0,Ċ,"[9, 20, 25, 34, 49, 4]"
13,0,Prom,"[13, 35, 45, 48, 49, 9]"
13,0,ote,"[20, 38, 49, 51, 61, 53]"
13,0,/,"[9, 20, 25, 34, 49, 4]"
13,0,Sell,"[4, 20, 38, 53, 61, 24]"
13,0,Ċ,"[9, 20, 25, 34, 49, 4]"
13,0,Store,"[4, 38, 52, 53, 61, 20]"
13,0,Ċ,"[4, 20, 25, 34, 49, 9]"
13,0,Protect,"[20, 38, 51, 53, 61, 49]"
13,0,/,"[20, 25, 34, 49, 51, 9]"
13,0,Maintain,"[20, 38, 49, 53, 61, 15]"
13,0,Ċ,"[9, 20, 25, 34, 49, 4]"
13,0,Help,"[9, 20, 49, 53, 61, 26]"
13,0,Ċ,"[9, 20, 25, 34, 49, 4]"
13,0,Under,"[4, 7, 20, 48, 51, 25]"
13,0,stand,"[20, 49, 53, 57, 61, 47]"
13,0,Ċ,"[9, 20, 25, 34, 49, 4]"
13,0,W,"[20, 26, 45, 48, 54, 9]"
13,0,orship,"[20, 38, 52, 53, 61, 63]"
13,0,Ċ,"[9, 20, 25, 34, 49, 51]"
13,0,Ċ,"[21, 29, 33, 41, 44, 40]"
13,0,What,"[27, 40, 41, 57, 60, 23]"
13,0,Ġelse,"[0, 15, 27, 41, 60, 57]"
13,0,?,"[21, 33, 40, 41, 57, 6]"
14,0,<｜begin▁of▁sentence｜>,"[5, 7, 23, 27, 51, 24]"
14,0,People,"[27, 28, 31, 39, 42, 18]"
14,0,Ġthink,"[3, 11, 24, 34, 60, 28]"
14,0,Ġthere,"[18, 31, 34, 60, 61, 54]"
14,0,Ġare,"[3, 6, 18, 34, 54, 24]"
14,0,Ġnearly,"[6, 24, 49, 54, 60, 56]"
14,0,Ġinfinite,"[6, 22, 48, 49, 54, 2]"
14,0,Ġcareer,"[6, 37, 38, 45, 54, 14]"
14,0,Ġchoices,"[8, 23, 24, 38, 42, 54]"
14,0,Ġbut,"[3, 4, 15, 25, 30, 2]"
14,0,Ġthere,"[3, 14, 18, 25, 54, 2]"
14,0,âĢĻ,"[9, 15, 28, 31, 33, 7]"
14,0,s,"[2, 3, 18, 51, 54, 49]"
14,0,Ġnot,"[2, 16, 18, 54, 61, 52]"
14,0,Ġthat,"[6, 14, 18, 54, 62, 15]"
14,0,Ġmany,"[6, 22, 44, 49, 54, 8]"
14,0,Ġcategories,"[6, 8, 37, 42, 44, 49]"
14,0,;,"[4, 30, 34, 44, 57, 22]"
14,0,Ċ,"[0, 19, 23, 27, 47, 18]"
14,0,Ċ,"[30, 33, 45, 50, 57, 15]"
14,0,Invent,"[19, 35, 38, 47, 48, 5]"
14,0,/,"[1, 4, 34, 57, 63, 0]"
14,0,Create,"[5, 29, 35, 38, 59, 44]"
14,0,Ċ,"[1, 4, 33, 34, 57, 3]"
14,0,Te,"[0, 19, 46, 47, 57, 61]"
14,0,ach,"[5, 24, 35, 38, 47, 29]"
14,0,Ċ,"[1, 4, 17, 34, 57, 3]"
14,0,Make,"[1, 17, 29, 35, 57, 34]"
14,0,/,"[1, 3, 4, 57, 61, 34]"
14,0,Transform,"[5, 20, 29, 35, 48, 3]"
14,0,Ċ,"[1, 3, 4, 34, 57, 33]"
14,0,Grow,"[5, 19, 35, 45, 47, 29]"
14,0,Ċ,"[1, 4, 17, 34, 57, 33]"
14,0,Move,"[1, 5, 20, 29, 35, 17]"
14,0,/,"[1, 3, 4, 34, 57, 20]"
14,0,Take,"[1, 5, 12, 20, 29, 21]"
14,0,Ċ,"[1, 4, 34, 57, 61, 33]"
14,0,Fix,"[1, 5, 35, 47, 61, 38]"
14,0,/,"[1, 3, 4, 34, 57, 61]"
14,0,He,"[0, 5, 19, 21, 54, 18]"
14,0,al,"[5, 35, 38, 47, 61, 24]"
14,0,Ċ,"[1, 17, 33, 34, 57, 4]"
14,0,Prom,"[0, 19, 38, 47, 48, 35]"
14,0,ote,"[1, 29, 35, 38, 45, 20]"
14,0,/,"[1, 3, 4, 34, 57, 21]"
14,0,Sell,"[5, 35, 38, 52, 61, 47]"
14,0,Ċ,"[1, 4, 33, 34, 57, 3]"
14,0,Store,"[24, 35, 37, 47, 55, 38]"
14,0,Ċ,"[1, 4, 33, 34, 57, 36]"
14,0,Protect,"[5, 17, 35, 38, 45, 3]"
14,0,/,"[1, 3, 4, 34, 57, 17]"
14,0,Maintain,"[5, 35, 38, 48, 54, 3]"
14,0,Ċ,"[1, 4, 33, 34, 57, 3]"
14,0,Help,"[1, 3, 5, 35, 38, 57]"
14,0,Ċ,"[1, 4, 33, 34, 57, 18]"
14,0,Under,"[0, 1, 13, 19, 34, 17]"
14,0,stand,"[3, 5, 24, 29, 35, 27]"
14,0,Ċ,"[1, 4, 33, 34, 57, 18]"
14,0,W,"[0, 1, 19, 49, 57, 5]"
14,0,orship,"[17, 24, 35, 38, 47, 5]"
14,0,Ċ,"[1, 17, 33, 34, 57, 4]"
14,0,Ċ,"[4, 9, 28, 30, 33, 25]"
14,0,What,"[5, 9, 30, 39, 60, 6]"
14,0,Ġelse,"[2, 5, 6, 42, 60, 39]"
14,0,?,"[4, 5, 9, 25, 50, 18]"
15,0,<｜begin▁of▁sentence｜>,"[5, 14, 48, 52, 55, 36]"
15,0,People,"[5, 12, 14, 17, 43, 55]"
15,0,Ġthink,"[14, 21, 22, 32, 45, 6]"
15,0,Ġthere,"[6, 17, 22, 39, 63, 53]"
15,0,Ġare,"[20, 22, 50, 53, 63, 44]"
15,0,Ġnearly,"[10, 50, 53, 57, 63, 22]"
15,0,Ġinfinite,"[1, 18, 20, 49, 57, 59]"
15,0,Ġcareer,"[7, 42, 44, 49, 57, 36]"
15,0,Ġchoices,"[5, 7, 27, 42, 44, 48]"
15,0,Ġbut,"[13, 22, 44, 53, 63, 39]"
15,0,Ġthere,"[17, 39, 53, 59, 63, 22]"
15,0,âĢĻ,"[5, 6, 16, 50, 63, 17]"
15,0,s,"[22, 39, 53, 59, 63, 44]"
15,0,Ġnot,"[22, 39, 45, 53, 63, 59]"
15,0,Ġthat,"[22, 31, 46, 57, 63, 39]"
15,0,Ġmany,"[10, 27, 35, 46, 59, 7]"
15,0,Ġcategories,"[25, 27, 39, 42, 59, 44]"
15,0,;,"[7, 13, 19, 33, 34, 59]"
15,0,Ċ,"[9, 11, 25, 30, 47, 63]"
15,0,Ċ,"[6, 7, 16, 33, 49, 34]"
15,0,Invent,"[7, 11, 14, 40, 48, 36]"
15,0,/,"[7, 15, 34, 53, 61, 6]"
15,0,Create,"[7, 11, 32, 40, 48, 21]"
15,0,Ċ,"[7, 15, 16, 34, 61, 53]"
15,0,Te,"[7, 11, 40, 52, 55, 26]"
15,0,ach,"[7, 18, 21, 36, 48, 40]"
15,0,Ċ,"[7, 15, 16, 34, 61, 53]"
15,0,Make,"[7, 21, 31, 34, 48, 56]"
15,0,/,"[7, 13, 15, 34, 53, 61]"
15,0,Transform,"[1, 11, 18, 21, 48, 14]"
15,0,Ċ,"[7, 15, 16, 34, 61, 53]"
15,0,Grow,"[1, 7, 17, 48, 49, 21]"
15,0,Ċ,"[7, 15, 16, 34, 61, 53]"
15,0,Move,"[1, 7, 21, 48, 51, 18]"
15,0,/,"[7, 13, 15, 34, 61, 51]"
15,0,Take,"[1, 13, 31, 34, 51, 21]"
15,0,Ċ,"[15, 16, 31, 34, 61, 13]"
15,0,Fix,"[1, 7, 18, 48, 51, 11]"
15,0,/,"[7, 13, 15, 34, 61, 53]"
15,0,He,"[0, 11, 40, 52, 53, 35]"
15,0,al,"[1, 5, 28, 48, 50, 18]"
15,0,Ċ,"[7, 13, 15, 34, 61, 16]"
15,0,Prom,"[11, 17, 30, 40, 48, 52]"
15,0,ote,"[11, 18, 21, 32, 48, 7]"
15,0,/,"[7, 15, 34, 53, 61, 13]"
15,0,Sell,"[1, 7, 47, 48, 55, 53]"
15,0,Ċ,"[7, 13, 15, 34, 61, 53]"
15,0,Store,"[7, 25, 37, 48, 51, 31]"
15,0,Ċ,"[7, 15, 33, 34, 61, 30]"
15,0,Protect,"[7, 18, 40, 48, 51, 21]"
15,0,/,"[7, 13, 15, 34, 61, 53]"
15,0,Maintain,"[1, 18, 40, 48, 51, 11]"
15,0,Ċ,"[7, 15, 16, 34, 61, 33]"
15,0,Help,"[7, 18, 21, 32, 48, 11]"
15,0,Ċ,"[7, 15, 16, 34, 61, 6]"
15,0,Under,"[2, 7, 20, 34, 48, 53]"
15,0,stand,"[11, 18, 21, 48, 53, 32]"
15,0,Ċ,"[7, 15, 16, 34, 61, 6]"
15,0,W,"[7, 11, 26, 34, 40, 61]"
15,0,orship,"[3, 7, 25, 40, 48, 18]"
15,0,Ċ,"[7, 15, 30, 34, 61, 16]"
15,0,Ċ,"[13, 14, 16, 19, 49, 50]"
15,0,What,"[8, 19, 45, 46, 63, 15]"
15,0,Ġelse,"[8, 43, 45, 46, 62, 55]"
15,0,?,"[8, 19, 33, 55, 63, 48]"
16,0,<｜begin▁of▁sentence｜>,"[9, 13, 26, 33, 63, 49]"
16,0,People,"[18, 26, 30, 33, 41, 13]"
16,0,Ġthink,"[7, 26, 48, 59, 62, 55]"
16,0,Ġthere,"[3, 8, 12, 49, 57, 44]"
16,0,Ġare,"[0, 1, 27, 59, 62, 48]"
16,0,Ġnearly,"[0, 8, 12, 21, 27, 13]"
16,0,Ġinfinite,"[1, 4, 8, 12, 27, 21]"
16,0,Ġcareer,"[1, 4, 13, 19, 28, 56]"
16,0,Ġchoices,"[7, 12, 13, 28, 56, 59]"
16,0,Ġbut,"[12, 42, 44, 53, 62, 15]"
16,0,Ġthere,"[12, 41, 44, 49, 62, 33]"
16,0,âĢĻ,"[15, 16, 17, 24, 41, 19]"
16,0,s,"[0, 1, 12, 44, 62, 48]"
16,0,Ġnot,"[0, 3, 55, 59, 62, 44]"
16,0,Ġthat,"[1, 8, 22, 49, 62, 0]"
16,0,Ġmany,"[1, 3, 8, 12, 56, 7]"
16,0,Ġcategories,"[7, 25, 28, 40, 56, 6]"
16,0,;,"[6, 17, 24, 38, 58, 44]"
16,0,Ċ,"[16, 20, 37, 53, 63, 18]"
16,0,Ċ,"[15, 17, 24, 41, 58, 10]"
16,0,Invent,"[4, 6, 20, 30, 47, 13]"
16,0,/,"[30, 38, 50, 52, 62, 43]"
16,0,Create,"[5, 13, 23, 30, 47, 4]"
16,0,Ċ,"[15, 24, 38, 43, 50, 17]"
16,0,Te,"[9, 32, 37, 47, 53, 23]"
16,0,ach,"[6, 23, 30, 47, 48, 63]"
16,0,Ċ,"[24, 38, 43, 46, 50, 39]"
16,0,Make,"[1, 6, 23, 30, 31, 39]"
16,0,/,"[24, 30, 38, 50, 62, 43]"
16,0,Transform,"[23, 27, 30, 35, 47, 6]"
16,0,Ċ,"[24, 38, 43, 50, 62, 11]"
16,0,Grow,"[23, 27, 30, 47, 53, 6]"
16,0,Ċ,"[24, 38, 43, 46, 50, 11]"
16,0,Move,"[6, 23, 30, 47, 53, 54]"
16,0,/,"[30, 38, 43, 50, 62, 39]"
16,0,Take,"[23, 30, 39, 47, 53, 27]"
16,0,Ċ,"[11, 24, 38, 43, 50, 17]"
16,0,Fix,"[6, 23, 30, 35, 47, 53]"
16,0,/,"[24, 38, 43, 50, 62, 30]"
16,0,He,"[18, 32, 37, 49, 53, 60]"
16,0,al,"[23, 30, 35, 47, 53, 33]"
16,0,Ċ,"[24, 38, 39, 43, 50, 11]"
16,0,Prom,"[6, 37, 47, 49, 53, 32]"
16,0,ote,"[6, 23, 30, 47, 54, 53]"
16,0,/,"[38, 39, 43, 50, 62, 11]"
16,0,Sell,"[6, 23, 30, 47, 54, 53]"
16,0,Ċ,"[24, 38, 39, 43, 50, 6]"
16,0,Store,"[6, 23, 30, 47, 54, 51]"
16,0,Ċ,"[24, 38, 43, 46, 50, 6]"
16,0,Protect,"[6, 9, 23, 30, 47, 54]"
16,0,/,"[27, 38, 39, 43, 50, 24]"
16,0,Maintain,"[6, 23, 30, 35, 47, 4]"
16,0,Ċ,"[24, 38, 39, 43, 50, 6]"
16,0,Help,"[6, 20, 23, 30, 47, 54]"
16,0,Ċ,"[17, 24, 38, 43, 50, 15]"
16,0,Under,"[27, 30, 35, 47, 53, 52]"
16,0,stand,"[23, 30, 35, 47, 48, 54]"
16,0,Ċ,"[24, 38, 39, 43, 50, 17]"
16,0,W,"[6, 24, 32, 37, 53, 43]"
16,0,orship,"[6, 13, 23, 30, 47, 54]"
16,0,Ċ,"[24, 29, 38, 43, 50, 39]"
16,0,Ċ,"[15, 17, 24, 41, 44, 42]"
16,0,What,"[1, 3, 7, 48, 62, 30]"
16,0,Ġelse,"[3, 7, 45, 56, 62, 40]"
16,0,?,"[5, 17, 24, 26, 38, 11]"
17,0,<｜begin▁of▁sentence｜>,"[0, 11, 18, 26, 43, 41]"
17,0,People,"[20, 24, 44, 45, 48, 50]"
17,0,Ġthink,"[11, 20, 24, 30, 52, 31]"
17,0,Ġthere,"[19, 20, 27, 37, 43, 32]"
17,0,Ġare,"[20, 21, 39, 43, 63, 19]"
17,0,Ġnearly,"[1, 3, 19, 39, 43, 49]"
17,0,Ġinfinite,"[13, 35, 37, 39, 63, 36]"
17,0,Ġcareer,"[1, 19, 35, 50, 58, 37]"
17,0,Ġchoices,"[1, 26, 47, 48, 61, 54]"
17,0,Ġbut,"[1, 23, 26, 42, 52, 20]"
17,0,Ġthere,"[1, 19, 27, 43, 62, 32]"
17,0,âĢĻ,"[1, 2, 26, 40, 62, 55]"
17,0,s,"[8, 19, 21, 39, 61, 20]"
17,0,Ġnot,"[8, 19, 32, 33, 39, 13]"
17,0,Ġthat,"[19, 29, 37, 39, 51, 43]"
17,0,Ġmany,"[13, 35, 36, 47, 51, 37]"
17,0,Ġcategories,"[47, 48, 51, 58, 61, 1]"
17,0,;,"[1, 42, 52, 55, 57, 61]"
17,0,Ċ,"[6, 9, 23, 32, 62, 0]"
17,0,Ċ,"[1, 25, 40, 55, 57, 2]"
17,0,Invent,"[11, 22, 24, 45, 46, 39]"
17,0,/,"[1, 4, 36, 56, 57, 14]"
17,0,Create,"[1, 7, 22, 28, 39, 46]"
17,0,Ċ,"[1, 4, 40, 56, 57, 36]"
17,0,Te,"[1, 10, 28, 38, 54, 3]"
17,0,ach,"[1, 22, 24, 30, 60, 50]"
17,0,Ċ,"[1, 4, 36, 56, 57, 42]"
17,0,Make,"[1, 30, 36, 39, 54, 56]"
17,0,/,"[1, 4, 36, 56, 57, 33]"
17,0,Transform,"[1, 11, 13, 22, 54, 59]"
17,0,Ċ,"[1, 4, 13, 56, 57, 36]"
17,0,Grow,"[7, 11, 22, 30, 39, 38]"
17,0,Ċ,"[1, 4, 13, 56, 57, 42]"
17,0,Move,"[22, 28, 30, 43, 54, 60]"
17,0,/,"[1, 4, 36, 57, 63, 56]"
17,0,Take,"[4, 22, 30, 39, 56, 63]"
17,0,Ċ,"[1, 4, 40, 56, 57, 13]"
17,0,Fix,"[7, 11, 22, 30, 45, 54]"
17,0,/,"[1, 4, 56, 57, 63, 20]"
17,0,He,"[1, 10, 28, 38, 49, 54]"
17,0,al,"[7, 22, 30, 49, 54, 13]"
17,0,Ċ,"[1, 4, 40, 56, 57, 63]"
17,0,Prom,"[10, 23, 38, 41, 54, 37]"
17,0,ote,"[7, 11, 22, 24, 28, 30]"
17,0,/,"[1, 4, 36, 56, 57, 20]"
17,0,Sell,"[7, 22, 23, 30, 54, 13]"
17,0,Ċ,"[1, 4, 13, 56, 57, 40]"
17,0,Store,"[22, 30, 45, 50, 58, 39]"
17,0,Ċ,"[1, 4, 36, 56, 57, 40]"
17,0,Protect,"[7, 13, 22, 24, 30, 23]"
17,0,/,"[1, 4, 20, 57, 63, 33]"
17,0,Maintain,"[7, 11, 22, 28, 54, 38]"
17,0,Ċ,"[1, 4, 13, 40, 57, 56]"
17,0,Help,"[1, 4, 13, 30, 60, 45]"
17,0,Ċ,"[1, 4, 40, 42, 57, 13]"
17,0,Under,"[9, 38, 39, 56, 63, 10]"
17,0,stand,"[1, 7, 10, 11, 24, 45]"
17,0,Ċ,"[1, 4, 40, 56, 57, 55]"
17,0,W,"[1, 3, 23, 56, 63, 38]"
17,0,orship,"[7, 22, 30, 45, 50, 24]"
17,0,Ċ,"[1, 4, 40, 57, 63, 55]"
17,0,Ċ,"[2, 40, 52, 55, 62, 25]"
17,0,What,"[8, 20, 33, 37, 52, 36]"
17,0,Ġelse,"[8, 26, 33, 51, 52, 20]"
17,0,?,"[40, 42, 52, 55, 61, 25]"
18,0,<｜begin▁of▁sentence｜>,"[2, 5, 39, 56, 61, 49]"
18,0,People,"[11, 19, 48, 53, 61, 18]"
18,0,Ġthink,"[0, 25, 41, 54, 55, 18]"
18,0,Ġthere,"[0, 1, 10, 25, 36, 48]"
18,0,Ġare,"[27, 31, 34, 43, 54, 25]"
18,0,Ġnearly,"[22, 26, 30, 52, 54, 8]"
18,0,Ġinfinite,"[3, 4, 27, 36, 43, 52]"
18,0,Ġcareer,"[3, 19, 43, 48, 61, 14]"
18,0,Ġchoices,"[5, 13, 19, 20, 61, 30]"
18,0,Ġbut,"[25, 30, 51, 57, 58, 31]"
18,0,Ġthere,"[0, 1, 25, 36, 56, 48]"
18,0,âĢĻ,"[18, 30, 40, 46, 59, 42]"
18,0,s,"[25, 31, 39, 47, 61, 34]"
18,0,Ġnot,"[13, 31, 39, 47, 54, 33]"
18,0,Ġthat,"[1, 10, 31, 34, 50, 54]"
18,0,Ġmany,"[3, 10, 20, 27, 30, 13]"
18,0,Ġcategories,"[13, 16, 20, 60, 61, 0]"
18,0,;,"[4, 27, 51, 61, 63, 12]"
18,0,Ċ,"[14, 18, 39, 50, 59, 42]"
18,0,Ċ,"[18, 30, 46, 53, 61, 42]"
18,0,Invent,"[5, 7, 14, 47, 58, 55]"
18,0,/,"[4, 12, 20, 21, 29, 43]"
18,0,Create,"[4, 7, 12, 47, 55, 14]"
18,0,Ċ,"[4, 9, 17, 29, 48, 12]"
18,0,Te,"[2, 32, 58, 59, 63, 50]"
18,0,ach,"[5, 7, 14, 55, 58, 47]"
18,0,Ċ,"[4, 29, 31, 41, 48, 9]"
18,0,Make,"[4, 38, 43, 47, 55, 12]"
18,0,/,"[4, 9, 12, 21, 29, 20]"
18,0,Transform,"[4, 7, 47, 55, 62, 38]"
18,0,Ċ,"[4, 12, 29, 41, 48, 9]"
18,0,Grow,"[4, 7, 47, 55, 58, 41]"
18,0,Ċ,"[4, 9, 12, 29, 41, 48]"
18,0,Move,"[4, 7, 47, 55, 62, 26]"
18,0,/,"[4, 9, 12, 29, 41, 20]"
18,0,Take,"[4, 33, 47, 55, 62, 43]"
18,0,Ċ,"[4, 9, 12, 29, 41, 48]"
18,0,Fix,"[7, 13, 14, 55, 58, 47]"
18,0,/,"[4, 9, 12, 29, 43, 41]"
18,0,He,"[12, 50, 56, 58, 63, 32]"
18,0,al,"[5, 7, 47, 55, 58, 8]"
18,0,Ċ,"[4, 12, 29, 31, 41, 9]"
18,0,Prom,"[1, 32, 48, 58, 59, 33]"
18,0,ote,"[7, 8, 47, 55, 58, 14]"
18,0,/,"[14, 29, 41, 43, 48, 9]"
18,0,Sell,"[7, 33, 47, 55, 58, 5]"
18,0,Ċ,"[4, 12, 29, 41, 48, 21]"
18,0,Store,"[7, 14, 19, 47, 55, 33]"
18,0,Ċ,"[4, 9, 12, 29, 41, 21]"
18,0,Protect,"[5, 7, 26, 47, 55, 58]"
18,0,/,"[4, 12, 20, 29, 43, 21]"
18,0,Maintain,"[4, 7, 26, 47, 58, 12]"
18,0,Ċ,"[4, 12, 29, 41, 48, 9]"
18,0,Help,"[5, 19, 26, 48, 55, 29]"
18,0,Ċ,"[4, 12, 29, 41, 48, 57]"
18,0,Under,"[4, 32, 47, 48, 58, 20]"
18,0,stand,"[7, 39, 47, 55, 58, 41]"
18,0,Ċ,"[12, 17, 29, 41, 48, 4]"
18,0,W,"[4, 22, 41, 58, 63, 29]"
18,0,orship,"[5, 7, 14, 47, 55, 58]"
18,0,Ċ,"[4, 29, 41, 48, 57, 31]"
18,0,Ċ,"[18, 30, 46, 51, 57, 42]"
18,0,What,"[0, 2, 10, 48, 61, 45]"
18,0,Ġelse,"[0, 20, 35, 45, 50, 13]"
18,0,?,"[18, 35, 46, 51, 57, 8]"
19,0,<｜begin▁of▁sentence｜>,"[5, 6, 23, 44, 54, 40]"
19,0,People,"[12, 19, 40, 49, 53, 35]"
19,0,Ġthink,"[4, 21, 53, 54, 56, 41]"
19,0,Ġthere,"[15, 28, 40, 42, 49, 6]"
19,0,Ġare,"[4, 15, 29, 56, 59, 48]"
19,0,Ġnearly,"[15, 31, 34, 59, 63, 48]"
19,0,Ġinfinite,"[7, 11, 17, 31, 39, 56]"
19,0,Ġcareer,"[8, 10, 35, 39, 44, 7]"
19,0,Ġchoices,"[8, 20, 41, 44, 57, 18]"
19,0,Ġbut,"[14, 24, 30, 41, 47, 46]"
19,0,Ġthere,"[15, 28, 38, 40, 49, 42]"
19,0,âĢĻ,"[24, 30, 34, 47, 61, 23]"
19,0,s,"[15, 18, 28, 31, 59, 36]"
19,0,Ġnot,"[0, 15, 31, 59, 63, 43]"
19,0,Ġthat,"[15, 25, 54, 59, 63, 43]"
19,0,Ġmany,"[7, 8, 31, 32, 44, 45]"
19,0,Ġcategories,"[6, 8, 44, 57, 62, 13]"
19,0,;,"[1, 13, 14, 47, 61, 32]"
19,0,Ċ,"[2, 19, 24, 30, 58, 4]"
19,0,Ċ,"[1, 14, 34, 47, 61, 19]"
19,0,Invent,"[4, 12, 18, 21, 27, 6]"
19,0,/,"[1, 9, 52, 55, 61, 4]"
19,0,Create,"[4, 12, 18, 20, 21, 53]"
19,0,Ċ,"[1, 47, 52, 53, 61, 54]"
19,0,Te,"[6, 12, 18, 22, 58, 42]"
19,0,ach,"[6, 12, 20, 21, 53, 27]"
19,0,Ċ,"[1, 36, 52, 53, 61, 47]"
19,0,Make,"[4, 18, 21, 51, 53, 20]"
19,0,/,"[1, 36, 52, 53, 61, 56]"
19,0,Transform,"[12, 20, 21, 53, 54, 33]"
19,0,Ċ,"[1, 36, 47, 52, 61, 3]"
19,0,Grow,"[12, 20, 21, 27, 53, 6]"
19,0,Ċ,"[1, 36, 52, 56, 61, 47]"
19,0,Move,"[20, 21, 51, 53, 54, 12]"
19,0,/,"[1, 26, 52, 53, 61, 51]"
19,0,Take,"[12, 21, 26, 51, 56, 53]"
19,0,Ċ,"[1, 51, 52, 56, 61, 47]"
19,0,Fix,"[12, 18, 20, 21, 54, 6]"
19,0,/,"[1, 52, 53, 56, 61, 36]"
19,0,He,"[2, 6, 12, 22, 58, 62]"
19,0,al,"[12, 21, 22, 40, 53, 54]"
19,0,Ċ,"[51, 52, 56, 60, 61, 47]"
19,0,Prom,"[6, 12, 16, 43, 58, 22]"
19,0,ote,"[4, 10, 12, 21, 27, 20]"
19,0,/,"[1, 51, 52, 53, 61, 56]"
19,0,Sell,"[12, 18, 20, 21, 53, 27]"
19,0,Ċ,"[1, 51, 52, 56, 61, 60]"
19,0,Store,"[12, 18, 20, 21, 39, 56]"
19,0,Ċ,"[1, 17, 51, 52, 60, 61]"
19,0,Protect,"[4, 12, 21, 27, 54, 53]"
19,0,/,"[1, 33, 52, 55, 61, 53]"
19,0,Maintain,"[4, 12, 18, 21, 48, 22]"
19,0,Ċ,"[1, 47, 51, 52, 60, 61]"
19,0,Help,"[6, 12, 21, 27, 53, 35]"
19,0,Ċ,"[1, 47, 52, 60, 61, 36]"
19,0,Under,"[1, 4, 12, 21, 36, 56]"
19,0,stand,"[12, 20, 21, 53, 54, 4]"
19,0,Ċ,"[1, 47, 52, 60, 61, 53]"
19,0,W,"[6, 16, 22, 42, 62, 12]"
19,0,orship,"[12, 21, 39, 53, 56, 20]"
19,0,Ċ,"[1, 47, 52, 56, 60, 61]"
19,0,Ċ,"[14, 24, 37, 47, 61, 19]"
19,0,What,"[4, 38, 49, 53, 56, 6]"
19,0,Ġelse,"[38, 49, 53, 56, 63, 8]"
19,0,?,"[12, 36, 47, 53, 61, 14]"
20,0,<｜begin▁of▁sentence｜>,"[1, 20, 26, 36, 38, 57]"
20,0,People,"[7, 24, 41, 44, 50, 16]"
20,0,Ġthink,"[4, 15, 42, 45, 59, 7]"
20,0,Ġthere,"[1, 2, 24, 51, 54, 34]"
20,0,Ġare,"[2, 12, 19, 45, 51, 59]"
20,0,Ġnearly,"[6, 8, 12, 19, 45, 2]"
20,0,Ġinfinite,"[6, 11, 27, 46, 59, 37]"
20,0,Ġcareer,"[11, 27, 48, 61, 62, 2]"
20,0,Ġchoices,"[21, 30, 47, 55, 57, 61]"
20,0,Ġbut,"[0, 9, 11, 30, 42, 8]"
20,0,Ġthere,"[15, 24, 30, 48, 54, 2]"
20,0,âĢĻ,"[15, 22, 43, 44, 50, 30]"
20,0,s,"[19, 24, 37, 45, 51, 50]"
20,0,Ġnot,"[4, 24, 45, 51, 57, 49]"
20,0,Ġthat,"[33, 35, 37, 42, 45, 61]"
20,0,Ġmany,"[6, 11, 30, 45, 57, 27]"
20,0,Ġcategories,"[3, 21, 42, 44, 57, 34]"
20,0,;,"[11, 30, 35, 42, 59, 16]"
20,0,Ċ,"[22, 25, 33, 43, 60, 0]"
20,0,Ċ,"[11, 12, 22, 30, 50, 7]"
20,0,Invent,"[4, 13, 30, 59, 61, 60]"
20,0,/,"[9, 11, 39, 53, 59, 30]"
20,0,Create,"[3, 4, 21, 44, 59, 13]"
20,0,Ċ,"[11, 30, 39, 59, 63, 50]"
20,0,Te,"[10, 13, 20, 30, 36, 60]"
20,0,ach,"[3, 13, 21, 44, 59, 28]"
20,0,Ċ,"[9, 11, 39, 59, 63, 30]"
20,0,Make,"[3, 4, 30, 35, 59, 21]"
20,0,/,"[9, 11, 30, 39, 59, 63]"
20,0,Transform,"[2, 3, 4, 13, 59, 44]"
20,0,Ċ,"[11, 30, 39, 59, 63, 9]"
20,0,Grow,"[3, 4, 13, 21, 44, 59]"
20,0,Ċ,"[9, 11, 30, 59, 63, 46]"
20,0,Move,"[3, 13, 30, 46, 59, 4]"
20,0,/,"[9, 11, 30, 46, 63, 59]"
20,0,Take,"[3, 4, 16, 35, 59, 62]"
20,0,Ċ,"[9, 11, 30, 39, 63, 28]"
20,0,Fix,"[2, 4, 13, 21, 59, 44]"
20,0,/,"[9, 46, 59, 62, 63, 28]"
20,0,He,"[10, 13, 24, 36, 60, 18]"
20,0,al,"[2, 3, 13, 21, 44, 14]"
20,0,Ċ,"[30, 39, 49, 59, 63, 3]"
20,0,Prom,"[10, 13, 20, 36, 60, 14]"
20,0,ote,"[2, 3, 21, 44, 59, 20]"
20,0,/,"[9, 11, 30, 59, 63, 39]"
20,0,Sell,"[3, 13, 20, 21, 44, 4]"
20,0,Ċ,"[3, 11, 30, 39, 63, 49]"
20,0,Store,"[3, 11, 30, 46, 59, 2]"
20,0,Ċ,"[11, 30, 39, 46, 59, 63]"
20,0,Protect,"[3, 13, 21, 28, 30, 4]"
20,0,/,"[9, 30, 59, 62, 63, 28]"
20,0,Maintain,"[3, 13, 14, 30, 46, 39]"
20,0,Ċ,"[11, 30, 39, 59, 63, 46]"
20,0,Help,"[3, 13, 28, 59, 63, 62]"
20,0,Ċ,"[11, 30, 39, 50, 63, 59]"
20,0,Under,"[13, 28, 53, 59, 63, 16]"
20,0,stand,"[3, 4, 13, 21, 59, 56]"
20,0,Ċ,"[11, 30, 39, 59, 63, 3]"
20,0,W,"[13, 18, 30, 36, 60, 20]"
20,0,orship,"[3, 13, 21, 44, 62, 53]"
20,0,Ċ,"[3, 30, 50, 59, 63, 28]"
20,0,Ċ,"[11, 22, 40, 44, 50, 25]"
20,0,What,"[5, 7, 24, 37, 42, 11]"
20,0,Ġelse,"[5, 24, 29, 42, 57, 58]"
20,0,?,"[5, 7, 40, 42, 44, 30]"
21,0,<｜begin▁of▁sentence｜>,"[16, 19, 21, 53, 54, 28]"
21,0,People,"[6, 10, 24, 28, 49, 58]"
21,0,Ġthink,"[5, 23, 30, 36, 53, 0]"
21,0,Ġthere,"[9, 11, 15, 38, 49, 45]"
21,0,Ġare,"[20, 21, 36, 47, 50, 57]"
21,0,Ġnearly,"[20, 27, 39, 47, 50, 63]"
21,0,Ġinfinite,"[3, 27, 32, 36, 57, 44]"
21,0,Ġcareer,"[6, 27, 32, 36, 41, 18]"
21,0,Ġchoices,"[4, 13, 22, 29, 53, 33]"
21,0,Ġbut,"[5, 9, 39, 60, 62, 21]"
21,0,Ġthere,"[5, 9, 11, 19, 26, 4]"
21,0,âĢĻ,"[7, 8, 31, 40, 42, 62]"
21,0,s,"[19, 20, 47, 50, 54, 11]"
21,0,Ġnot,"[20, 22, 47, 50, 53, 23]"
21,0,Ġthat,"[5, 9, 20, 33, 39, 6]"
21,0,Ġmany,"[22, 32, 36, 46, 57, 53]"
21,0,Ġcategories,"[5, 6, 22, 29, 53, 0]"
21,0,;,"[23, 36, 42, 46, 63, 53]"
21,0,Ċ,"[2, 14, 15, 32, 58, 35]"
21,0,Ċ,"[27, 36, 42, 48, 55, 19]"
21,0,Invent,"[2, 10, 17, 56, 57, 50]"
21,0,/,"[18, 24, 36, 42, 44, 55]"
21,0,Create,"[36, 41, 48, 51, 57, 52]"
21,0,Ċ,"[24, 27, 36, 48, 55, 42]"
21,0,Te,"[1, 10, 17, 56, 58, 15]"
21,0,ach,"[15, 23, 48, 51, 56, 49]"
21,0,Ċ,"[24, 27, 36, 55, 59, 31]"
21,0,Make,"[36, 48, 51, 53, 57, 59]"
21,0,/,"[24, 36, 42, 44, 59, 55]"
21,0,Transform,"[15, 25, 36, 48, 57, 51]"
21,0,Ċ,"[24, 31, 36, 44, 59, 55]"
21,0,Grow,"[1, 36, 51, 56, 57, 17]"
21,0,Ċ,"[24, 36, 44, 55, 59, 31]"
21,0,Move,"[21, 32, 51, 57, 59, 36]"
21,0,/,"[24, 36, 42, 44, 59, 55]"
21,0,Take,"[27, 33, 36, 47, 53, 25]"
21,0,Ċ,"[24, 36, 44, 55, 59, 27]"
21,0,Fix,"[10, 15, 51, 52, 56, 48]"
21,0,/,"[24, 36, 42, 44, 59, 55]"
21,0,He,"[1, 10, 17, 21, 56, 59]"
21,0,al,"[13, 15, 48, 51, 62, 31]"
21,0,Ċ,"[24, 36, 44, 55, 59, 18]"
21,0,Prom,"[1, 2, 17, 31, 56, 5]"
21,0,ote,"[31, 36, 48, 49, 51, 15]"
21,0,/,"[24, 31, 36, 42, 59, 44]"
21,0,Sell,"[19, 31, 49, 51, 56, 15]"
21,0,Ċ,"[24, 31, 36, 44, 59, 18]"
21,0,Store,"[6, 31, 44, 56, 57, 41]"
21,0,Ċ,"[24, 31, 36, 44, 59, 27]"
21,0,Protect,"[4, 17, 33, 51, 56, 26]"
21,0,/,"[24, 36, 42, 44, 59, 18]"
21,0,Maintain,"[4, 33, 36, 51, 57, 16]"
21,0,Ċ,"[24, 27, 36, 44, 59, 18]"
21,0,Help,"[33, 36, 48, 51, 56, 6]"
21,0,Ċ,"[24, 27, 36, 44, 59, 55]"
21,0,Under,"[1, 47, 50, 59, 63, 9]"
21,0,stand,"[18, 23, 36, 51, 56, 48]"
21,0,Ċ,"[18, 24, 27, 36, 59, 55]"
21,0,W,"[17, 21, 24, 36, 59, 2]"
21,0,orship,"[26, 48, 51, 52, 56, 31]"
21,0,Ċ,"[24, 27, 36, 55, 59, 18]"
21,0,Ċ,"[14, 27, 39, 48, 55, 12]"
21,0,What,"[10, 26, 32, 33, 36, 9]"
21,0,Ġelse,"[9, 24, 25, 33, 38, 5]"
21,0,?,"[23, 26, 39, 48, 51, 10]"
22,0,<｜begin▁of▁sentence｜>,"[0, 3, 5, 8, 55, 11]"
22,0,People,"[8, 27, 38, 42, 63, 56]"
22,0,Ġthink,"[8, 18, 40, 46, 63, 61]"
22,0,Ġthere,"[1, 29, 32, 42, 56, 45]"
22,0,Ġare,"[18, 25, 28, 31, 39, 13]"
22,0,Ġnearly,"[4, 26, 28, 31, 46, 39]"
22,0,Ġinfinite,"[2, 4, 10, 13, 25, 0]"
22,0,Ġcareer,"[13, 25, 32, 43, 49, 34]"
22,0,Ġchoices,"[8, 12, 16, 45, 51, 63]"
22,0,Ġbut,"[8, 29, 40, 51, 56, 3]"
22,0,Ġthere,"[1, 8, 26, 42, 56, 17]"
22,0,âĢĻ,"[8, 11, 35, 45, 60, 63]"
22,0,s,"[8, 18, 26, 28, 31, 39]"
22,0,Ġnot,"[16, 18, 31, 51, 61, 26]"
22,0,Ġthat,"[1, 13, 26, 41, 52, 31]"
22,0,Ġmany,"[2, 4, 16, 51, 61, 13]"
22,0,Ġcategories,"[8, 16, 46, 51, 61, 45]"
22,0,;,"[21, 40, 44, 50, 60, 8]"
22,0,Ċ,"[0, 17, 21, 25, 60, 41]"
22,0,Ċ,"[21, 40, 50, 55, 60, 44]"
22,0,Invent,"[3, 28, 43, 49, 61, 11]"
22,0,/,"[0, 36, 38, 44, 59, 50]"
22,0,Create,"[8, 43, 44, 55, 61, 49]"
22,0,Ċ,"[21, 36, 38, 50, 59, 44]"
22,0,Te,"[3, 6, 11, 49, 50, 5]"
22,0,ach,"[20, 29, 43, 48, 61, 50]"
22,0,Ċ,"[21, 36, 38, 44, 59, 50]"
22,0,Make,"[0, 43, 44, 54, 61, 10]"
22,0,/,"[0, 36, 38, 44, 59, 7]"
22,0,Transform,"[29, 43, 44, 49, 61, 48]"
22,0,Ċ,"[36, 38, 44, 50, 59, 21]"
22,0,Grow,"[3, 17, 43, 44, 61, 54]"
22,0,Ċ,"[36, 38, 44, 50, 59, 0]"
22,0,Move,"[43, 44, 48, 54, 61, 20]"
22,0,/,"[0, 36, 38, 44, 59, 50]"
22,0,Take,"[13, 43, 44, 47, 61, 0]"
22,0,Ċ,"[0, 36, 38, 44, 59, 21]"
22,0,Fix,"[3, 20, 43, 49, 61, 29]"
22,0,/,"[0, 36, 38, 44, 59, 7]"
22,0,He,"[3, 6, 11, 42, 43, 1]"
22,0,al,"[15, 29, 43, 48, 53, 41]"
22,0,Ċ,"[36, 38, 44, 50, 59, 0]"
22,0,Prom,"[3, 6, 11, 32, 49, 43]"
22,0,ote,"[8, 9, 29, 43, 61, 20]"
22,0,/,"[36, 38, 44, 50, 59, 0]"
22,0,Sell,"[8, 29, 43, 54, 61, 20]"
22,0,Ċ,"[36, 38, 44, 50, 59, 0]"
22,0,Store,"[0, 10, 43, 44, 61, 47]"
22,0,Ċ,"[36, 38, 44, 50, 59, 21]"
22,0,Protect,"[17, 43, 48, 49, 53, 61]"
22,0,/,"[0, 36, 38, 44, 59, 50]"
22,0,Maintain,"[13, 29, 43, 44, 61, 3]"
22,0,Ċ,"[36, 38, 44, 50, 59, 21]"
22,0,Help,"[36, 43, 44, 48, 61, 17]"
22,0,Ċ,"[21, 36, 38, 44, 50, 59]"
22,0,Under,"[0, 3, 44, 54, 55, 50]"
22,0,stand,"[14, 43, 44, 49, 61, 48]"
22,0,Ċ,"[21, 36, 38, 44, 50, 59]"
22,0,W,"[3, 6, 11, 38, 55, 59]"
22,0,orship,"[9, 20, 43, 48, 61, 15]"
22,0,Ċ,"[21, 38, 44, 50, 60, 59]"
22,0,Ċ,"[21, 40, 46, 55, 60, 50]"
22,0,What,"[8, 13, 23, 25, 56, 44]"
22,0,Ġelse,"[1, 23, 38, 56, 59, 8]"
22,0,?,"[8, 40, 50, 55, 60, 61]"
23,0,<｜begin▁of▁sentence｜>,"[0, 3, 5, 45, 47, 16]"
23,0,People,"[0, 8, 28, 46, 48, 29]"
23,0,Ġthink,"[7, 12, 34, 39, 61, 24]"
23,0,Ġthere,"[0, 1, 9, 45, 48, 20]"
23,0,Ġare,"[9, 15, 31, 39, 56, 12]"
23,0,Ġnearly,"[15, 17, 20, 35, 39, 30]"
23,0,Ġinfinite,"[31, 41, 43, 50, 56, 35]"
23,0,Ġcareer,"[9, 14, 31, 36, 41, 43]"
23,0,Ġchoices,"[18, 27, 28, 36, 45, 37]"
23,0,Ġbut,"[6, 34, 39, 48, 61, 47]"
23,0,Ġthere,"[0, 1, 9, 20, 48, 63]"
23,0,âĢĻ,"[9, 11, 22, 23, 32, 7]"
23,0,s,"[15, 20, 37, 39, 43, 5]"
23,0,Ġnot,"[10, 13, 36, 39, 46, 5]"
23,0,Ġthat,"[0, 15, 39, 41, 61, 20]"
23,0,Ġmany,"[15, 31, 36, 41, 56, 61]"
23,0,Ġcategories,"[18, 28, 36, 46, 61, 27]"
23,0,;,"[6, 38, 56, 60, 61, 50]"
23,0,Ċ,"[6, 12, 22, 23, 38, 16]"
23,0,Ċ,"[6, 16, 23, 38, 57, 56]"
23,0,Invent,"[3, 13, 45, 46, 47, 17]"
23,0,/,"[16, 29, 44, 60, 61, 48]"
23,0,Create,"[10, 13, 17, 46, 54, 30]"
23,0,Ċ,"[16, 23, 29, 38, 44, 46]"
23,0,Te,"[3, 13, 45, 47, 54, 0]"
23,0,ach,"[10, 13, 14, 17, 46, 40]"
23,0,Ċ,"[16, 23, 29, 38, 44, 50]"
23,0,Make,"[10, 13, 14, 17, 46, 43]"
23,0,/,"[16, 29, 44, 48, 61, 19]"
23,0,Transform,"[10, 13, 17, 31, 46, 19]"
23,0,Ċ,"[16, 29, 38, 44, 60, 50]"
23,0,Grow,"[3, 10, 13, 14, 46, 45]"
23,0,Ċ,"[16, 29, 38, 44, 60, 50]"
23,0,Move,"[10, 13, 17, 46, 59, 14]"
23,0,/,"[16, 29, 44, 59, 61, 38]"
23,0,Take,"[13, 14, 16, 17, 46, 43]"
23,0,Ċ,"[6, 16, 29, 38, 44, 50]"
23,0,Fix,"[3, 10, 13, 14, 46, 30]"
23,0,/,"[12, 16, 19, 29, 44, 61]"
23,0,He,"[3, 13, 45, 47, 54, 0]"
23,0,al,"[4, 10, 13, 30, 46, 7]"
23,0,Ċ,"[16, 29, 38, 40, 44, 6]"
23,0,Prom,"[3, 13, 14, 45, 47, 20]"
23,0,ote,"[10, 13, 30, 46, 52, 34]"
23,0,/,"[16, 26, 29, 43, 44, 61]"
23,0,Sell,"[4, 10, 13, 24, 46, 20]"
23,0,Ċ,"[16, 26, 29, 38, 44, 43]"
23,0,Store,"[10, 13, 14, 19, 46, 43]"
23,0,Ċ,"[16, 29, 38, 43, 44, 26]"
23,0,Protect,"[4, 10, 13, 46, 52, 42]"
23,0,/,"[16, 29, 44, 60, 61, 38]"
23,0,Maintain,"[10, 13, 46, 56, 60, 17]"
23,0,Ċ,"[16, 29, 38, 44, 60, 6]"
23,0,Help,"[14, 17, 44, 46, 56, 10]"
23,0,Ċ,"[6, 16, 29, 38, 44, 23]"
23,0,Under,"[3, 13, 14, 16, 17, 34]"
23,0,stand,"[10, 13, 14, 31, 46, 52]"
23,0,Ċ,"[6, 16, 29, 38, 44, 23]"
23,0,W,"[3, 13, 29, 45, 54, 44]"
23,0,orship,"[10, 13, 14, 42, 46, 34]"
23,0,Ċ,"[6, 16, 29, 44, 60, 23]"
23,0,Ċ,"[6, 16, 23, 38, 57, 40]"
23,0,What,"[0, 1, 31, 48, 61, 41]"
23,0,Ġelse,"[1, 28, 36, 48, 61, 63]"
23,0,?,"[6, 23, 33, 38, 46, 24]"
24,0,<｜begin▁of▁sentence｜>,"[10, 24, 47, 62, 63, 5]"
24,0,People,"[24, 29, 35, 36, 45, 0]"
24,0,Ġthink,"[4, 12, 13, 15, 51, 5]"
24,0,Ġthere,"[3, 10, 40, 44, 49, 53]"
24,0,Ġare,"[6, 11, 13, 43, 58, 63]"
24,0,Ġnearly,"[13, 44, 52, 55, 58, 21]"
24,0,Ġinfinite,"[11, 27, 30, 39, 56, 26]"
24,0,Ġcareer,"[11, 20, 39, 46, 56, 43]"
24,0,Ġchoices,"[0, 4, 9, 10, 18, 44]"
24,0,Ġbut,"[5, 24, 44, 51, 58, 3]"
24,0,Ġthere,"[3, 24, 40, 44, 49, 22]"
24,0,âĢĻ,"[16, 32, 40, 44, 50, 24]"
24,0,s,"[11, 15, 24, 44, 58, 21]"
24,0,Ġnot,"[3, 13, 23, 24, 44, 15]"
24,0,Ġthat,"[0, 11, 33, 44, 54, 20]"
24,0,Ġmany,"[9, 23, 39, 46, 56, 11]"
24,0,Ġcategories,"[9, 12, 23, 24, 32, 3]"
24,0,;,"[4, 14, 46, 51, 58, 61]"
24,0,Ċ,"[34, 37, 42, 50, 61, 12]"
24,0,Ċ,"[14, 22, 46, 51, 61, 58]"
24,0,Invent,"[8, 10, 13, 36, 53, 7]"
24,0,/,"[26, 35, 45, 46, 61, 54]"
24,0,Create,"[13, 18, 23, 45, 46, 55]"
24,0,Ċ,"[26, 35, 45, 46, 61, 51]"
24,0,Te,"[8, 10, 32, 36, 53, 15]"
24,0,ach,"[7, 17, 18, 36, 45, 0]"
24,0,Ċ,"[26, 45, 46, 51, 61, 35]"
24,0,Make,"[13, 20, 30, 45, 53, 52]"
24,0,/,"[30, 35, 45, 46, 61, 26]"
24,0,Transform,"[13, 27, 30, 36, 45, 2]"
24,0,Ċ,"[35, 45, 46, 51, 61, 30]"
24,0,Grow,"[6, 8, 30, 45, 53, 52]"
24,0,Ċ,"[30, 35, 45, 46, 61, 6]"
24,0,Move,"[2, 13, 27, 30, 45, 46]"
24,0,/,"[35, 45, 46, 54, 61, 30]"
24,0,Take,"[13, 24, 30, 45, 53, 11]"
24,0,Ċ,"[30, 35, 45, 46, 61, 51]"
24,0,Fix,"[7, 8, 17, 45, 52, 36]"
24,0,/,"[6, 30, 45, 46, 61, 35]"
24,0,He,"[7, 8, 10, 32, 53, 36]"
24,0,al,"[2, 7, 17, 18, 45, 31]"
24,0,Ċ,"[35, 45, 46, 54, 61, 51]"
24,0,Prom,"[0, 8, 10, 32, 53, 36]"
24,0,ote,"[0, 7, 18, 36, 45, 15]"
24,0,/,"[35, 45, 46, 54, 61, 26]"
24,0,Sell,"[0, 2, 7, 17, 18, 45]"
24,0,Ċ,"[35, 45, 46, 54, 61, 51]"
24,0,Store,"[13, 17, 30, 45, 53, 0]"
24,0,Ċ,"[30, 35, 45, 46, 61, 51]"
24,0,Protect,"[0, 2, 17, 18, 45, 7]"
24,0,/,"[35, 43, 45, 46, 61, 54]"
24,0,Maintain,"[13, 17, 43, 45, 46, 0]"
24,0,Ċ,"[35, 45, 46, 54, 61, 30]"
24,0,Help,"[13, 35, 36, 45, 46, 53]"
24,0,Ċ,"[35, 45, 46, 54, 61, 37]"
24,0,Under,"[8, 13, 48, 53, 54, 24]"
24,0,stand,"[7, 13, 17, 45, 52, 53]"
24,0,Ċ,"[35, 45, 46, 54, 61, 51]"
24,0,W,"[8, 10, 32, 53, 54, 33]"
24,0,orship,"[7, 17, 18, 41, 45, 24]"
24,0,Ċ,"[26, 35, 45, 51, 61, 46]"
24,0,Ċ,"[14, 22, 51, 58, 61, 50]"
24,0,What,"[20, 24, 36, 49, 56, 63]"
24,0,Ġelse,"[20, 24, 34, 36, 49, 12]"
24,0,?,"[36, 45, 47, 51, 61, 17]"
25,0,<｜begin▁of▁sentence｜>,"[1, 11, 38, 39, 45, 54]"
25,0,People,"[3, 23, 46, 50, 54, 21]"
25,0,Ġthink,"[8, 18, 22, 28, 60, 15]"
25,0,Ġthere,"[0, 22, 50, 59, 63, 48]"
25,0,Ġare,"[8, 12, 24, 30, 51, 26]"
25,0,Ġnearly,"[8, 24, 25, 47, 48, 15]"
25,0,Ġinfinite,"[16, 27, 51, 58, 62, 4]"
25,0,Ġcareer,"[9, 13, 27, 31, 51, 41]"
25,0,Ġchoices,"[17, 20, 22, 40, 56, 11]"
25,0,Ġbut,"[2, 12, 46, 50, 57, 41]"
25,0,Ġthere,"[0, 22, 33, 50, 59, 63]"
25,0,âĢĻ,"[0, 36, 52, 59, 63, 2]"
25,0,s,"[2, 8, 12, 22, 24, 60]"
25,0,Ġnot,"[8, 17, 19, 24, 40, 2]"
25,0,Ġthat,"[0, 8, 9, 19, 24, 16]"
25,0,Ġmany,"[17, 27, 41, 51, 58, 24]"
25,0,Ġcategories,"[11, 17, 28, 40, 60, 56]"
25,0,;,"[1, 41, 42, 51, 58, 54]"
25,0,Ċ,"[1, 2, 10, 12, 44, 40]"
25,0,Ċ,"[1, 23, 41, 44, 45, 10]"
25,0,Invent,"[5, 31, 38, 52, 54, 6]"
25,0,/,"[41, 44, 45, 54, 61, 23]"
25,0,Create,"[5, 6, 17, 31, 54, 58]"
25,0,Ċ,"[1, 23, 44, 45, 54, 42]"
25,0,Te,"[6, 19, 38, 48, 52, 33]"
25,0,ach,"[5, 6, 26, 31, 54, 17]"
25,0,Ċ,"[1, 23, 44, 45, 54, 61]"
25,0,Make,"[5, 31, 44, 54, 58, 23]"
25,0,/,"[23, 44, 45, 54, 61, 1]"
25,0,Transform,"[5, 14, 17, 54, 58, 28]"
25,0,Ċ,"[1, 23, 44, 45, 54, 61]"
25,0,Grow,"[5, 6, 31, 38, 54, 17]"
25,0,Ċ,"[23, 44, 45, 54, 61, 1]"
25,0,Move,"[5, 31, 47, 54, 58, 51]"
25,0,/,"[23, 44, 45, 54, 61, 42]"
25,0,Take,"[5, 6, 23, 47, 54, 31]"
25,0,Ċ,"[1, 23, 41, 44, 45, 61]"
25,0,Fix,"[5, 6, 17, 31, 54, 3]"
25,0,/,"[23, 41, 44, 45, 54, 61]"
25,0,He,"[0, 38, 40, 48, 52, 6]"
25,0,al,"[13, 17, 32, 33, 43, 34]"
25,0,Ċ,"[23, 42, 44, 45, 61, 1]"
25,0,Prom,"[22, 31, 38, 52, 54, 37]"
25,0,ote,"[5, 17, 33, 43, 54, 55]"
25,0,/,"[23, 44, 45, 54, 61, 42]"
25,0,Sell,"[17, 26, 33, 34, 43, 54]"
25,0,Ċ,"[23, 42, 44, 45, 61, 1]"
25,0,Store,"[5, 17, 31, 54, 58, 6]"
25,0,Ċ,"[1, 23, 41, 44, 45, 61]"
25,0,Protect,"[5, 17, 26, 43, 54, 13]"
25,0,/,"[23, 30, 44, 45, 54, 41]"
25,0,Maintain,"[5, 14, 17, 43, 54, 41]"
25,0,Ċ,"[1, 23, 44, 45, 54, 41]"
25,0,Help,"[5, 17, 31, 44, 54, 45]"
25,0,Ċ,"[1, 23, 44, 45, 54, 61]"
25,0,Under,"[6, 9, 14, 23, 54, 38]"
25,0,stand,"[5, 17, 26, 31, 54, 6]"
25,0,Ċ,"[1, 23, 44, 45, 54, 61]"
25,0,W,"[6, 19, 38, 52, 62, 9]"
25,0,orship,"[13, 17, 26, 31, 54, 33]"
25,0,Ċ,"[1, 23, 44, 45, 54, 61]"
25,0,Ċ,"[1, 10, 23, 44, 45, 57]"
25,0,What,"[0, 8, 50, 51, 54, 46]"
25,0,Ġelse,"[0, 17, 22, 28, 50, 34]"
25,0,?,"[1, 10, 44, 45, 46, 12]"
26,0,<｜begin▁of▁sentence｜>,"[9, 34, 54, 56, 57, 14]"
26,0,People,"[0, 10, 15, 36, 46, 11]"
26,0,Ġthink,"[10, 32, 46, 49, 55, 31]"
26,0,Ġthere,"[5, 13, 14, 20, 46, 44]"
26,0,Ġare,"[2, 4, 23, 47, 60, 46]"
26,0,Ġnearly,"[2, 4, 18, 49, 60, 21]"
26,0,Ġinfinite,"[8, 19, 23, 28, 47, 50]"
26,0,Ġcareer,"[8, 19, 28, 39, 47, 16]"
26,0,Ġchoices,"[0, 2, 5, 16, 58, 18]"
26,0,Ġbut,"[5, 15, 30, 54, 55, 63]"
26,0,Ġthere,"[5, 13, 14, 20, 46, 63]"
26,0,âĢĻ,"[9, 34, 45, 61, 63, 26]"
26,0,s,"[2, 4, 18, 46, 60, 47]"
26,0,Ġnot,"[2, 4, 29, 49, 60, 53]"
26,0,Ġthat,"[2, 4, 14, 49, 55, 18]"
26,0,Ġmany,"[8, 19, 23, 47, 49, 5]"
26,0,Ġcategories,"[0, 5, 16, 35, 53, 2]"
26,0,;,"[27, 50, 54, 56, 62, 15]"
26,0,Ċ,"[9, 26, 30, 34, 63, 59]"
26,0,Ċ,"[9, 21, 24, 26, 30, 54]"
26,0,Invent,"[11, 17, 57, 60, 62, 10]"
26,0,/,"[9, 15, 26, 27, 52, 36]"
26,0,Create,"[27, 38, 56, 58, 60, 47]"
26,0,Ċ,"[9, 15, 26, 27, 36, 52]"
26,0,Te,"[11, 17, 57, 59, 62, 13]"
26,0,ach,"[10, 27, 36, 56, 60, 11]"
26,0,Ċ,"[9, 15, 26, 27, 36, 52]"
26,0,Make,"[27, 36, 47, 60, 62, 56]"
26,0,/,"[9, 15, 26, 27, 36, 52]"
26,0,Transform,"[27, 36, 56, 58, 60, 41]"
26,0,Ċ,"[9, 15, 26, 36, 52, 27]"
26,0,Grow,"[11, 27, 36, 56, 57, 62]"
26,0,Ċ,"[9, 15, 26, 27, 36, 52]"
26,0,Move,"[27, 36, 37, 41, 60, 8]"
26,0,/,"[9, 15, 26, 36, 54, 52]"
26,0,Take,"[27, 36, 37, 60, 62, 38]"
26,0,Ċ,"[9, 15, 26, 27, 52, 54]"
26,0,Fix,"[11, 27, 29, 36, 56, 58]"
26,0,/,"[9, 15, 26, 36, 52, 27]"
26,0,He,"[11, 17, 20, 57, 62, 59]"
26,0,al,"[7, 33, 38, 40, 56, 36]"
26,0,Ċ,"[9, 15, 26, 52, 54, 27]"
26,0,Prom,"[11, 17, 57, 59, 62, 13]"
26,0,ote,"[10, 36, 40, 56, 58, 38]"
26,0,/,"[9, 15, 26, 36, 52, 27]"
26,0,Sell,"[7, 13, 38, 40, 56, 18]"
26,0,Ċ,"[9, 15, 26, 52, 54, 36]"
26,0,Store,"[15, 27, 36, 37, 60, 56]"
26,0,Ċ,"[9, 15, 26, 36, 52, 27]"
26,0,Protect,"[38, 40, 53, 56, 58, 36]"
26,0,/,"[9, 15, 26, 27, 52, 36]"
26,0,Maintain,"[27, 38, 56, 58, 60, 6]"
26,0,Ċ,"[9, 15, 26, 36, 52, 27]"
26,0,Help,"[15, 27, 36, 56, 60, 29]"
26,0,Ċ,"[9, 15, 26, 30, 36, 52]"
26,0,Under,"[6, 11, 15, 57, 62, 17]"
26,0,stand,"[27, 36, 56, 58, 60, 43]"
26,0,Ċ,"[9, 15, 26, 30, 52, 36]"
26,0,W,"[11, 17, 57, 59, 62, 29]"
26,0,orship,"[10, 36, 48, 56, 58, 27]"
26,0,Ċ,"[9, 15, 26, 30, 36, 52]"
26,0,Ċ,"[9, 24, 26, 30, 36, 34]"
26,0,What,"[14, 19, 44, 47, 55, 13]"
26,0,Ġelse,"[13, 14, 29, 46, 56, 55]"
26,0,?,"[17, 24, 36, 52, 56, 26]"
